location,location_type,topic,start_year,percent_no_change,percent_slight_loss,percent_large_loss,percent_slight_increase,percent_large_increase,total_orgs
AK,state,aggregate,1994,13.42,10.31,19.07,14.4,42.8,514.0
AL,state,aggregate,1994,14.83,11.35,18.59,15.46,39.76,1436.0
AR,state,aggregate,1994,15.16,8.33,19.68,16.06,40.76,996.0
AZ,state,aggregate,1994,12.05,8.4,20.32,15.0,44.23,1560.0
CA,state,aggregate,1994,12.4,10.02,23.41,14.1,40.07,14663.0
CO,state,aggregate,1994,11.1,9.4,19.88,13.95,45.67,2415.0
CT,state,aggregate,1994,14.62,10.54,18.99,15.54,40.31,2059.0
DC,state,aggregate,1994,9.75,9.37,25.89,11.92,43.07,1846.0
DE,state,aggregate,1994,11.86,7.63,21.4,15.25,43.86,472.0
FL,state,aggregate,1994,12.32,9.21,20.74,14.43,43.3,4885.0
GA,state,aggregate,1994,12.59,8.86,19.98,14.52,44.05,2438.0
HI,state,aggregate,1994,12.24,9.44,28.32,12.24,37.76,572.0
IA,state,aggregate,1994,15.46,9.58,19.05,17.93,37.98,1701.0
ID,state,aggregate,1994,11.44,10.81,23.09,12.71,41.95,472.0
IL,state,aggregate,1994,14.78,9.57,19.75,15.18,40.72,5224.0
IN,state,aggregate,1994,13.35,10.76,20.12,14.39,41.38,3086.0
KS,state,aggregate,1994,14.74,11.63,18.68,16.77,38.18,1574.0
KY,state,aggregate,1994,13.72,9.49,19.68,16.79,40.32,1560.0
LA,state,aggregate,1994,16.05,9.92,20.29,14.08,39.67,1321.0
MA,state,aggregate,1994,14.14,8.9,19.05,16.74,41.18,4541.0
MD,state,aggregate,1994,12.2,8.91,20.21,15.37,43.3,2524.0
ME,state,aggregate,1994,15.82,8.52,16.73,17.75,41.18,986.0
MI,state,aggregate,1994,13.09,9.13,18.34,17.13,42.31,4325.0
MN,state,aggregate,1994,13.65,8.96,18.49,17.14,41.76,3180.0
MO,state,aggregate,1994,13.07,8.69,19.23,14.72,44.29,2486.0
MS,state,aggregate,1994,16.16,10.2,19.21,14.44,40.0,755.0
MT,state,aggregate,1994,12.97,8.45,19.76,19.91,38.91,663.0
NC,state,aggregate,1994,12.41,8.54,19.36,15.4,44.3,3384.0
ND,state,aggregate,1994,14.81,8.78,15.9,17.92,42.6,547.0
NE,state,aggregate,1994,14.18,9.16,22.47,17.16,37.03,1037.0
NH,state,aggregate,1994,14.65,8.23,18.25,15.94,42.93,778.0
NJ,state,aggregate,1994,14.38,10.67,18.06,17.2,39.68,3261.0
NM,state,aggregate,1994,10.49,8.85,19.45,13.22,47.98,915.0
NV,state,aggregate,1994,13.28,9.64,21.61,13.8,41.67,384.0
NY,state,aggregate,1994,14.61,9.97,19.93,16.06,39.43,10453.0
OH,state,aggregate,1994,14.42,9.14,19.09,16.62,40.73,6270.0
OK,state,aggregate,1994,13.29,9.92,20.73,14.26,41.8,1452.0
OR,state,aggregate,1994,11.25,8.67,20.24,15.12,44.73,1858.0
PA,state,aggregate,1994,13.73,7.82,19.14,16.18,43.13,6525.0
RI,state,aggregate,1994,8.42,9.82,21.46,16.69,43.62,713.0
SC,state,aggregate,1994,13.6,8.86,18.34,14.06,45.14,1287.0
SD,state,aggregate,1994,12.74,9.51,17.49,18.25,42.02,526.0
TN,state,aggregate,1994,13.53,8.04,18.47,14.9,45.07,2128.0
TX,state,aggregate,1994,12.78,9.19,22.9,13.46,41.68,7052.0
UT,state,aggregate,1994,10.04,9.66,20.08,11.93,48.3,528.0
VA,state,aggregate,1994,12.36,8.46,20.6,14.19,44.38,3276.0
VT,state,aggregate,1994,11.94,9.3,17.05,15.97,45.74,645.0
WA,state,aggregate,1994,12.64,9.87,21.38,14.42,41.69,2919.0
WI,state,aggregate,1994,14.13,9.06,16.99,17.09,42.73,2937.0
WV,state,aggregate,1994,13.38,9.57,21.34,14.53,41.18,867.0
WY,state,aggregate,1994,14.32,6.76,20.0,14.86,44.05,370.0
All USA,all_usa,aggregate,1994,13.326737609647415,9.36151317327018,20.24523627751897,15.334278547278874,41.73223439228456,128366.0
"Atlanta-Sandy Springs-Roswell, GA",cbsa,aggregate,1994,11.84,8.61,21.21,15.22,43.12,1301.0
"Austin-Round Rock, TX",cbsa,aggregate,1994,12.84,6.76,21.79,10.98,47.64,592.0
"Baltimore-Columbia-Towson, MD",cbsa,aggregate,1994,9.9,9.17,20.79,15.63,44.52,1222.0
"Birmingham-Hoover, AL",cbsa,aggregate,1994,12.83,10.41,17.19,16.95,42.62,413.0
"Boston-Cambridge-Newton, MA-NH",cbsa,aggregate,1994,13.17,8.6,19.43,16.75,42.05,3289.0
"Buffalo-Cheektowaga-Niagara Falls, NY",cbsa,aggregate,1994,17.27,11.46,17.27,17.11,36.89,637.0
"Charlotte-Concord-Gastonia, NC-SC",cbsa,aggregate,1994,11.73,9.21,19.6,15.08,44.39,597.0
"Chicago-Naperville-Elgin, IL-IN-WI",cbsa,aggregate,1994,13.25,8.83,20.59,14.86,42.48,3682.0
"Cincinnati, OH-KY-IN",cbsa,aggregate,1994,13.1,7.74,19.15,15.97,44.05,1008.0
"Cleveland-Elyria, OH",cbsa,aggregate,1994,11.64,10.25,22.38,14.56,41.17,1229.0
"Columbus, OH",cbsa,aggregate,1994,16.18,8.7,18.45,17.03,39.64,1057.0
"Dallas-Fort Worth-Arlington, TX",cbsa,aggregate,1994,11.7,9.26,23.95,11.92,43.18,1804.0
"Denver-Aurora-Lakewood, CO",cbsa,aggregate,1994,11.14,9.57,19.47,14.36,45.46,1212.0
"Detroit-Warren-Dearborn, MI",cbsa,aggregate,1994,14.04,9.72,19.04,16.27,40.92,1481.0
"Hartford-West Hartford-East Hartford, CT",cbsa,aggregate,1994,14.55,11.21,16.06,15.61,42.58,660.0
"Houston-The Woodlands-Sugar Land, TX",cbsa,aggregate,1994,11.73,9.2,24.69,13.03,41.35,1381.0
"Indianapolis-Carmel-Anderson, IN",cbsa,aggregate,1994,12.65,10.89,21.89,13.75,40.81,909.0
"Jacksonville, FL",cbsa,aggregate,1994,10.7,7.89,20.56,16.62,44.23,355.0
"Kansas City, MO-KS",cbsa,aggregate,1994,12.78,10.79,17.18,13.33,45.93,908.0
"Las Vegas-Henderson-Paradise, NV",cbsa,aggregate,1994,11.18,7.06,23.53,14.12,44.12,170.0
"Los Angeles-Long Beach-Anaheim, CA",cbsa,aggregate,1994,12.33,10.39,24.32,13.73,39.23,4486.0
"Louisville/Jefferson County, KY-IN",cbsa,aggregate,1994,13.22,9.2,23.37,16.28,37.93,522.0
"Memphis, TN-MS-AR",cbsa,aggregate,1994,13.82,7.6,18.66,11.06,48.85,434.0
"Miami-Fort Lauderdale-West Palm Beach, FL",cbsa,aggregate,1994,10.93,9.48,24.73,13.28,41.58,1318.0
"Milwaukee-Waukesha-West Allis, WI",cbsa,aggregate,1994,13.08,9.72,18.87,14.58,43.75,864.0
"Minneapolis-St. Paul-Bloomington, MN-WI",cbsa,aggregate,1994,12.41,7.97,19.31,16.39,43.92,1958.0
"Nashville-Davidson--Murfreesboro--Franklin, TN",cbsa,aggregate,1994,10.21,7.91,19.11,16.31,46.46,607.0
"New Orleans-Metairie, LA",cbsa,aggregate,1994,17.09,7.69,23.29,12.82,39.1,468.0
"New York-Newark-Jersey City, NY-NJ-PA",cbsa,aggregate,1994,13.4,10.32,20.2,15.63,40.45,8866.0
"Oklahoma City, OK",cbsa,aggregate,1994,11.59,9.55,22.15,14.43,42.28,492.0
"Orlando-Kissimmee-Sanford, FL",cbsa,aggregate,1994,13.21,10.98,20.73,11.59,43.5,492.0
"Philadelphia-Camden-Wilmington, PA-NJ-DE-MD",cbsa,aggregate,1994,13.51,8.34,19.36,15.03,43.76,3021.0
"Phoenix-Mesa-Scottsdale, AZ",cbsa,aggregate,1994,12.22,8.67,21.78,14.33,43.0,900.0
"Pittsburgh, PA",cbsa,aggregate,1994,14.01,7.24,21.63,15.31,41.81,1313.0
"Portland-Vancouver-Hillsboro, OR-WA",cbsa,aggregate,1994,11.55,7.91,19.46,16.75,44.33,961.0
"Providence-Warwick, RI-MA",cbsa,aggregate,1994,10.31,9.99,20.63,16.5,42.56,921.0
"Raleigh, NC",cbsa,aggregate,1994,15.81,6.9,18.71,14.92,43.65,449.0
"Richmond, VA",cbsa,aggregate,1994,9.82,9.02,25.25,12.42,43.49,499.0
"Riverside-San Bernardino-Ontario, CA",cbsa,aggregate,1994,12.72,11.95,24.42,13.75,37.15,778.0
"Sacramento--Roseville--Arden-Arcade, CA",cbsa,aggregate,1994,13.12,9.72,21.99,13.49,41.68,823.0
"St. Louis, MO-IL",cbsa,aggregate,1994,12.91,9.66,22.2,14.62,40.61,1108.0
"Salt Lake City, UT",cbsa,aggregate,1994,10.09,9.79,21.1,10.09,48.93,327.0
"San Antonio-New Braunfels, TX",cbsa,aggregate,1994,13.66,9.65,21.31,14.75,40.62,549.0
"San Diego-Carlsbad, CA",cbsa,aggregate,1994,11.33,10.68,23.96,14.67,39.37,1077.0
"San Francisco-Oakland-Hayward, CA",cbsa,aggregate,1994,11.06,8.88,23.53,14.44,42.09,3200.0
"San Jose-Sunnyvale-Santa Clara, CA",cbsa,aggregate,1994,10.93,9.79,24.26,12.3,42.71,878.0
"Seattle-Tacoma-Bellevue, WA",cbsa,aggregate,1994,11.78,9.8,21.7,12.43,44.29,1673.0
"Tampa-St. Petersburg-Clearwater, FL",cbsa,aggregate,1994,13.62,9.62,16.67,15.71,44.39,624.0
"Virginia Beach-Norfolk-Newport News, VA-NC",cbsa,aggregate,1994,12.17,8.48,17.83,17.17,44.35,460.0
"Washington-Arlington-Alexandria, DC-VA-MD-WV",cbsa,aggregate,1994,11.28,8.86,22.73,13.18,43.95,3982.0
All USA,all_usa-state,aggregate,1994,12.552054975940669,9.345615609870949,21.194284621157497,14.693114763747664,42.214930029283224,67957.0
All USA,all_usa-state,1 Arts,1994,10.19,9.68,24.51,12.71,42.91,13170.0
All USA,all_usa-state,2a Higher Education,1994,13.81,9.95,17.28,21.3,37.65,1296.0
All USA,all_usa-state,2b Other Education,1994,11.52,9.38,21.46,14.44,43.2,17191.0
All USA,all_usa-state,3 Environment and Animals,1994,8.21,7.98,26.4,10.78,46.63,3886.0
All USA,all_usa-state,4a Hospitals,1994,18.1,7.36,8.8,29.05,36.69,2840.0
All USA,all_usa-state,4b Other Health,1994,13.25,8.81,18.91,15.95,43.08,20265.0
All USA,all_usa-state,5 Human Services,1994,16.19,9.58,16.78,17.36,40.08,47062.0
All USA,all_usa-state,6 International and Foreign Affairs,1994,8.22,8.72,29.2,8.93,44.93,1983.0
All USA,all_usa-state,7 Religion Related,1994,11.04,10.19,24.25,12.92,41.61,6215.0
All USA,all_usa-state,8 Other,1994,11.18,9.54,25.97,11.23,42.07,14458.0
AK,state,1 Arts,1994,10.81,6.76,24.32,21.62,36.49,74.0
AK,state,2a Higher Education,1994,0.0,25.0,50.0,25.0,0.0,4.0
AK,state,2b Other Education,1994,11.32,13.21,24.53,13.21,37.74,53.0
AK,state,3 Environment and Animals,1994,11.11,5.56,25.0,5.56,52.78,36.0
AK,state,4a Hospitals,1994,20.0,0.0,0.0,20.0,60.0,5.0
AK,state,4b Other Health,1994,18.06,4.17,18.06,11.11,48.61,72.0
AK,state,5 Human Services,1994,14.49,13.53,14.01,16.43,41.55,207.0
AK,state,6 International and Foreign Affairs,1994,16.67,0.0,16.67,33.33,33.33,6.0
AK,state,7 Religion Related,1994,6.67,20.0,20.0,6.67,46.67,15.0
AK,state,8 Other,1994,11.9,9.52,23.81,4.76,50.0,42.0
AL,state,1 Arts,1994,12.1,10.48,25.0,12.9,39.52,124.0
AL,state,2a Higher Education,1994,23.08,15.38,15.38,15.38,30.77,13.0
AL,state,2b Other Education,1994,11.24,9.55,23.03,11.8,44.38,178.0
AL,state,3 Environment and Animals,1994,13.51,10.81,27.03,8.11,40.54,37.0
AL,state,4a Hospitals,1994,8.33,5.56,5.56,36.11,44.44,36.0
AL,state,4b Other Health,1994,12.2,8.94,14.23,18.7,45.93,246.0
AL,state,5 Human Services,1994,18.46,13.85,13.85,16.92,36.92,520.0
AL,state,6 International and Foreign Affairs,1994,0.0,8.33,33.33,16.67,41.67,12.0
AL,state,7 Religion Related,1994,13.19,14.29,16.48,13.19,42.86,91.0
AL,state,8 Other,1994,16.2,9.5,30.73,10.61,32.96,179.0
AR,state,1 Arts,1994,16.67,11.67,18.33,8.33,45.0,60.0
AR,state,2a Higher Education,1994,18.18,18.18,18.18,9.09,36.36,11.0
AR,state,2b Other Education,1994,10.56,5.63,19.01,17.61,47.18,142.0
AR,state,3 Environment and Animals,1994,0.0,5.88,41.18,0.0,52.94,17.0
AR,state,4a Hospitals,1994,21.21,3.03,9.09,33.33,33.33,33.0
AR,state,4b Other Health,1994,13.85,7.69,19.23,13.08,46.15,130.0
AR,state,5 Human Services,1994,18.6,8.7,17.87,18.12,36.71,414.0
AR,state,6 International and Foreign Affairs,1994,0.0,12.5,37.5,0.0,50.0,8.0
AR,state,7 Religion Related,1994,6.06,7.58,27.27,12.12,46.97,66.0
AR,state,8 Other,1994,15.65,10.43,22.61,15.65,35.65,115.0
AZ,state,1 Arts,1994,10.65,7.1,23.08,13.02,46.15,169.0
AZ,state,2a Higher Education,1994,0.0,33.33,11.11,0.0,55.56,9.0
AZ,state,2b Other Education,1994,11.64,3.7,25.4,18.52,40.74,189.0
AZ,state,3 Environment and Animals,1994,5.0,3.33,13.33,16.67,61.67,60.0
AZ,state,4a Hospitals,1994,13.51,8.11,0.0,24.32,54.05,37.0
AZ,state,4b Other Health,1994,16.35,7.6,20.91,13.69,41.44,263.0
AZ,state,5 Human Services,1994,12.94,10.72,17.01,14.05,45.29,541.0
AZ,state,6 International and Foreign Affairs,1994,4.17,4.17,33.33,20.83,37.5,24.0
AZ,state,7 Religion Related,1994,13.86,8.91,27.72,15.84,33.66,101.0
AZ,state,8 Other,1994,7.19,9.58,22.75,14.97,45.51,167.0
CA,state,1 Arts,1994,9.64,9.88,24.53,11.35,44.6,1639.0
CA,state,2a Higher Education,1994,17.91,7.46,15.67,24.63,34.33,134.0
CA,state,2b Other Education,1994,11.47,10.69,22.84,13.53,41.47,2320.0
CA,state,3 Environment and Animals,1994,6.42,6.86,28.76,13.94,44.03,452.0
CA,state,4a Hospitals,1994,23.91,12.5,14.13,24.46,25.0,184.0
CA,state,4b Other Health,1994,13.18,10.27,23.67,13.81,39.07,2201.0
CA,state,5 Human Services,1994,14.6,9.78,20.99,15.88,38.76,5289.0
CA,state,6 International and Foreign Affairs,1994,9.82,12.98,28.42,9.12,39.65,285.0
CA,state,7 Religion Related,1994,9.33,11.19,26.74,12.56,40.17,804.0
CA,state,8 Other,1994,9.74,9.23,29.3,11.51,40.22,1355.0
CO,state,1 Arts,1994,9.89,10.25,21.2,10.25,48.41,283.0
CO,state,2a Higher Education,1994,0.0,14.29,0.0,42.86,42.86,7.0
CO,state,2b Other Education,1994,10.16,10.48,20.0,15.56,43.81,315.0
CO,state,3 Environment and Animals,1994,8.08,11.11,19.19,8.08,53.54,99.0
CO,state,4a Hospitals,1994,23.33,6.67,6.67,23.33,40.0,30.0
CO,state,4b Other Health,1994,10.12,8.38,19.65,12.14,49.71,346.0
CO,state,5 Human Services,1994,12.96,8.6,17.43,16.31,44.69,895.0
CO,state,6 International and Foreign Affairs,1994,3.85,19.23,30.77,0.0,46.15,26.0
CO,state,7 Religion Related,1994,9.03,12.9,29.68,14.19,34.19,155.0
CO,state,8 Other,1994,10.42,7.72,22.39,11.97,47.49,259.0
CT,state,1 Arts,1994,10.62,11.06,26.99,11.5,39.82,226.0
CT,state,2a Higher Education,1994,15.0,10.0,25.0,20.0,30.0,20.0
CT,state,2b Other Education,1994,15.13,9.5,17.8,16.62,40.95,337.0
CT,state,3 Environment and Animals,1994,12.0,5.33,32.0,6.67,44.0,75.0
CT,state,4a Hospitals,1994,19.57,13.04,26.09,19.57,21.74,46.0
CT,state,4b Other Health,1994,11.48,6.72,19.05,17.37,45.38,357.0
CT,state,5 Human Services,1994,18.08,12.52,14.33,16.55,38.53,719.0
CT,state,6 International and Foreign Affairs,1994,3.33,16.67,6.67,20.0,53.33,30.0
CT,state,7 Religion Related,1994,7.32,9.76,24.39,19.51,39.02,41.0
CT,state,8 Other,1994,14.42,12.02,22.12,12.02,39.42,208.0
DC,state,1 Arts,1994,12.68,9.86,23.47,14.55,39.44,213.0
DC,state,2a Higher Education,1994,18.18,0.0,0.0,9.09,72.73,11.0
DC,state,2b Other Education,1994,9.18,12.08,27.05,15.94,35.75,207.0
DC,state,3 Environment and Animals,1994,7.95,12.5,27.27,7.95,44.32,88.0
DC,state,4a Hospitals,1994,20.0,10.0,40.0,10.0,20.0,10.0
DC,state,4b Other Health,1994,8.67,6.63,20.92,15.31,48.47,196.0
DC,state,5 Human Services,1994,13.02,8.85,22.66,12.24,43.23,384.0
DC,state,6 International and Foreign Affairs,1994,7.11,7.53,29.71,9.62,46.03,239.0
DC,state,7 Religion Related,1994,17.65,14.71,20.59,8.82,38.24,34.0
DC,state,8 Other,1994,7.11,9.7,29.74,9.48,43.97,464.0
DE,state,1 Arts,1994,5.66,11.32,28.3,15.09,39.62,53.0
DE,state,2a Higher Education,1994,0.0,0.0,20.0,40.0,40.0,5.0
DE,state,2b Other Education,1994,10.26,11.54,15.38,14.1,48.72,78.0
DE,state,3 Environment and Animals,1994,10.0,0.0,60.0,0.0,30.0,10.0
DE,state,4a Hospitals,1994,16.67,0.0,16.67,33.33,33.33,6.0
DE,state,4b Other Health,1994,12.9,6.45,22.58,9.68,48.39,62.0
DE,state,5 Human Services,1994,16.06,5.7,16.06,19.17,43.01,193.0
DE,state,6 International and Foreign Affairs,1994,20.0,20.0,20.0,0.0,40.0,5.0
DE,state,7 Religion Related,1994,0.0,7.14,14.29,7.14,71.43,14.0
DE,state,8 Other,1994,6.52,8.7,39.13,10.87,34.78,46.0
FL,state,1 Arts,1994,11.32,10.48,19.5,11.53,47.17,477.0
FL,state,2a Higher Education,1994,2.38,14.29,30.95,19.05,33.33,42.0
FL,state,2b Other Education,1994,9.96,10.51,21.38,14.67,43.48,552.0
FL,state,3 Environment and Animals,1994,7.55,6.92,29.56,13.21,42.77,159.0
FL,state,4a Hospitals,1994,15.53,5.83,11.65,24.27,42.72,103.0
FL,state,4b Other Health,1994,12.47,8.94,19.06,14.71,44.82,850.0
FL,state,5 Human Services,1994,15.17,9.36,18.27,16.22,40.97,1806.0
FL,state,6 International and Foreign Affairs,1994,13.85,7.69,27.69,7.69,43.08,65.0
FL,state,7 Religion Related,1994,10.48,7.94,25.4,11.43,44.76,315.0
FL,state,8 Other,1994,8.14,8.53,27.13,10.85,45.35,516.0
GA,state,1 Arts,1994,10.68,8.97,24.79,13.68,41.88,234.0
GA,state,2a Higher Education,1994,2.78,11.11,8.33,19.44,58.33,36.0
GA,state,2b Other Education,1994,8.75,8.51,20.57,12.53,49.65,423.0
GA,state,3 Environment and Animals,1994,16.22,6.76,13.51,14.86,48.65,74.0
GA,state,4a Hospitals,1994,14.04,1.75,10.53,29.82,43.86,57.0
GA,state,4b Other Health,1994,11.22,9.86,19.05,14.63,45.24,294.0
GA,state,5 Human Services,1994,17.15,8.2,16.9,15.89,41.87,793.0
GA,state,6 International and Foreign Affairs,1994,12.5,12.5,25.0,0.0,50.0,24.0
GA,state,7 Religion Related,1994,8.26,11.01,22.48,14.68,43.58,218.0
GA,state,8 Other,1994,11.93,9.82,27.37,11.58,39.3,285.0
HI,state,1 Arts,1994,13.95,8.14,30.23,11.63,36.05,86.0
HI,state,2a Higher Education,1994,0.0,0.0,66.67,33.33,0.0,3.0
HI,state,2b Other Education,1994,10.13,11.39,21.52,12.66,44.3,79.0
HI,state,3 Environment and Animals,1994,0.0,8.7,39.13,4.35,47.83,23.0
HI,state,4a Hospitals,1994,16.67,5.56,11.11,27.78,38.89,18.0
HI,state,4b Other Health,1994,10.87,9.78,30.43,7.61,41.3,92.0
HI,state,5 Human Services,1994,15.17,9.55,26.97,13.48,34.83,178.0
HI,state,6 International and Foreign Affairs,1994,20.0,0.0,33.33,0.0,46.67,15.0
HI,state,7 Religion Related,1994,8.0,16.0,16.0,20.0,40.0,25.0
HI,state,8 Other,1994,9.43,9.43,39.62,13.21,28.3,53.0
IA,state,1 Arts,1994,15.03,8.5,22.88,11.11,42.48,153.0
IA,state,2a Higher Education,1994,6.9,6.9,17.24,34.48,34.48,29.0
IA,state,2b Other Education,1994,16.96,9.36,21.05,11.11,41.52,171.0
IA,state,3 Environment and Animals,1994,9.8,13.73,25.49,11.76,39.22,51.0
IA,state,4a Hospitals,1994,26.32,5.26,2.63,28.95,36.84,38.0
IA,state,4b Other Health,1994,15.6,8.51,17.02,23.4,35.46,282.0
IA,state,5 Human Services,1994,18.28,9.14,15.33,20.11,37.13,711.0
IA,state,6 International and Foreign Affairs,1994,16.67,0.0,33.33,8.33,41.67,12.0
IA,state,7 Religion Related,1994,4.84,14.52,30.65,17.74,32.26,62.0
IA,state,8 Other,1994,7.81,13.02,28.13,10.94,40.1,192.0
ID,state,1 Arts,1994,10.42,10.42,22.92,0.0,56.25,48.0
ID,state,2a Higher Education,1994,25.0,0.0,0.0,25.0,50.0,4.0
ID,state,2b Other Education,1994,8.51,12.77,21.28,8.51,48.94,47.0
ID,state,3 Environment and Animals,1994,3.03,3.03,27.27,15.15,51.52,33.0
ID,state,4a Hospitals,1994,0.0,0.0,0.0,40.0,60.0,10.0
ID,state,4b Other Health,1994,6.35,4.76,28.57,19.05,41.27,63.0
ID,state,5 Human Services,1994,16.5,14.0,22.0,14.0,33.5,200.0
ID,state,6 International and Foreign Affairs,1994,0.0,0.0,100.0,0.0,0.0,1.0
ID,state,7 Religion Related,1994,5.0,15.0,25.0,10.0,45.0,20.0
ID,state,8 Other,1994,10.87,10.87,23.91,8.7,45.65,46.0
IL,state,1 Arts,1994,7.71,11.46,24.17,13.54,43.13,480.0
IL,state,2a Higher Education,1994,8.16,10.2,16.33,18.37,46.94,49.0
IL,state,2b Other Education,1994,13.02,9.73,19.6,13.73,43.92,699.0
IL,state,3 Environment and Animals,1994,12.1,12.1,27.42,12.1,36.29,124.0
IL,state,4a Hospitals,1994,23.88,5.97,9.7,33.58,26.87,134.0
IL,state,4b Other Health,1994,15.22,6.41,19.22,16.02,43.14,874.0
IL,state,5 Human Services,1994,16.89,10.41,17.18,17.35,38.17,1758.0
IL,state,6 International and Foreign Affairs,1994,5.71,4.29,30.0,14.29,45.71,70.0
IL,state,7 Religion Related,1994,15.89,8.91,16.67,14.34,44.19,258.0
IL,state,8 Other,1994,15.17,10.8,24.42,9.13,40.49,778.0
IN,state,1 Arts,1994,11.46,11.46,24.9,10.67,41.5,253.0
IN,state,2a Higher Education,1994,6.06,12.12,12.12,27.27,42.42,33.0
IN,state,2b Other Education,1994,11.08,11.08,26.53,12.83,38.48,343.0
IN,state,3 Environment and Animals,1994,7.23,8.43,24.1,14.46,45.78,83.0
IN,state,4a Hospitals,1994,20.0,4.0,8.0,26.67,41.33,75.0
IN,state,4b Other Health,1994,11.5,9.39,18.31,15.02,45.77,426.0
IN,state,5 Human Services,1994,15.47,11.25,16.72,16.48,40.08,1280.0
IN,state,6 International and Foreign Affairs,1994,23.81,14.29,42.86,9.52,9.52,21.0
IN,state,7 Religion Related,1994,12.12,12.12,23.64,11.52,40.61,165.0
IN,state,8 Other,1994,12.29,10.81,23.83,8.85,44.23,407.0
KS,state,1 Arts,1994,11.69,10.39,27.27,10.39,40.26,154.0
KS,state,2a Higher Education,1994,14.29,14.29,23.81,19.05,28.57,21.0
KS,state,2b Other Education,1994,13.33,11.11,26.11,13.33,36.11,180.0
KS,state,3 Environment and Animals,1994,17.14,8.57,28.57,20.0,25.71,35.0
KS,state,4a Hospitals,1994,6.52,6.52,4.35,26.09,56.52,46.0
KS,state,4b Other Health,1994,12.83,9.81,14.72,18.11,44.53,265.0
KS,state,5 Human Services,1994,19.24,13.1,14.93,18.57,34.16,603.0
KS,state,6 International and Foreign Affairs,1994,0.0,0.0,22.22,11.11,66.67,9.0
KS,state,7 Religion Related,1994,8.0,14.67,26.67,18.67,32.0,75.0
KS,state,8 Other,1994,11.83,11.83,19.89,13.98,42.47,186.0
KY,state,1 Arts,1994,12.4,10.74,21.49,15.7,39.67,121.0
KY,state,2a Higher Education,1994,23.53,17.65,11.76,11.76,35.29,17.0
KY,state,2b Other Education,1994,8.23,11.26,24.24,15.15,41.13,231.0
KY,state,3 Environment and Animals,1994,10.0,6.67,26.67,13.33,43.33,30.0
KY,state,4a Hospitals,1994,14.0,8.0,2.0,28.0,48.0,50.0
KY,state,4b Other Health,1994,11.76,8.33,18.63,19.12,42.16,204.0
KY,state,5 Human Services,1994,15.7,8.95,17.58,18.52,39.25,637.0
KY,state,6 International and Foreign Affairs,1994,12.5,0.0,12.5,12.5,62.5,8.0
KY,state,7 Religion Related,1994,14.1,12.82,20.51,10.26,42.31,78.0
KY,state,8 Other,1994,16.3,8.7,25.54,11.96,37.5,184.0
LA,state,1 Arts,1994,9.24,9.24,25.21,10.92,45.38,119.0
LA,state,2a Higher Education,1994,15.38,0.0,15.38,23.08,46.15,13.0
LA,state,2b Other Education,1994,11.81,10.42,27.78,13.89,36.11,144.0
LA,state,3 Environment and Animals,1994,11.54,11.54,30.77,7.69,38.46,26.0
LA,state,4a Hospitals,1994,28.57,3.57,3.57,25.0,39.29,28.0
LA,state,4b Other Health,1994,14.29,12.57,17.71,18.29,37.14,175.0
LA,state,5 Human Services,1994,19.02,9.6,17.17,15.49,38.72,594.0
LA,state,6 International and Foreign Affairs,1994,0.0,0.0,28.57,14.29,57.14,7.0
LA,state,7 Religion Related,1994,11.25,11.25,30.0,5.0,42.5,80.0
LA,state,8 Other,1994,17.78,9.63,20.74,8.89,42.96,135.0
MA,state,1 Arts,1994,8.69,10.35,22.18,14.97,43.81,541.0
MA,state,2a Higher Education,1994,13.85,15.38,15.38,18.46,36.92,65.0
MA,state,2b Other Education,1994,14.45,7.99,19.78,13.74,44.04,713.0
MA,state,3 Environment and Animals,1994,7.59,5.06,32.28,8.23,46.84,158.0
MA,state,4a Hospitals,1994,23.48,9.57,16.52,25.22,25.22,115.0
MA,state,4b Other Health,1994,16.05,10.01,16.17,17.2,40.56,779.0
MA,state,5 Human Services,1994,16.57,8.54,14.24,20.65,40.0,1545.0
MA,state,6 International and Foreign Affairs,1994,8.75,3.75,37.5,12.5,37.5,80.0
MA,state,7 Religion Related,1994,14.29,10.39,23.38,14.29,37.66,77.0
MA,state,8 Other,1994,9.62,8.76,27.78,11.32,42.52,468.0
MD,state,1 Arts,1994,8.56,10.36,22.52,16.22,42.34,222.0
MD,state,2a Higher Education,1994,9.09,9.09,13.64,18.18,50.0,22.0
MD,state,2b Other Education,1994,12.2,7.44,23.21,16.37,40.77,336.0
MD,state,3 Environment and Animals,1994,8.42,6.32,29.47,8.42,47.37,95.0
MD,state,4a Hospitals,1994,10.71,3.57,10.71,46.43,28.57,56.0
MD,state,4b Other Health,1994,12.65,7.76,19.59,14.9,45.1,490.0
MD,state,5 Human Services,1994,14.45,9.94,16.3,16.07,43.24,865.0
MD,state,6 International and Foreign Affairs,1994,5.45,1.82,32.73,3.64,56.36,55.0
MD,state,7 Religion Related,1994,16.67,12.82,20.51,10.26,39.74,78.0
MD,state,8 Other,1994,9.51,10.49,24.26,12.13,43.61,305.0
ME,state,1 Arts,1994,6.25,11.46,21.88,10.42,50.0,96.0
ME,state,2a Higher Education,1994,21.43,14.29,14.29,28.57,21.43,14.0
ME,state,2b Other Education,1994,14.63,8.13,21.14,13.82,42.28,123.0
ME,state,3 Environment and Animals,1994,12.28,3.51,24.56,12.28,47.37,57.0
ME,state,4a Hospitals,1994,10.53,7.89,0.0,28.95,52.63,38.0
ME,state,4b Other Health,1994,15.89,7.48,14.95,16.36,45.33,214.0
ME,state,5 Human Services,1994,21.19,8.66,12.84,23.88,33.43,335.0
ME,state,6 International and Foreign Affairs,1994,0.0,0.0,50.0,0.0,50.0,6.0
ME,state,7 Religion Related,1994,0.0,15.79,47.37,5.26,31.58,19.0
ME,state,8 Other,1994,15.48,9.52,17.86,11.9,45.24,84.0
MI,state,1 Arts,1994,11.93,10.15,22.84,11.68,43.4,394.0
MI,state,2a Higher Education,1994,18.18,4.55,11.36,27.27,38.64,44.0
MI,state,2b Other Education,1994,9.65,9.24,22.79,14.58,43.74,487.0
MI,state,3 Environment and Animals,1994,5.74,13.11,26.23,10.66,44.26,122.0
MI,state,4a Hospitals,1994,11.97,5.13,5.13,29.91,47.86,117.0
MI,state,4b Other Health,1994,12.99,8.33,18.64,16.81,43.22,708.0
MI,state,5 Human Services,1994,15.84,8.81,13.83,20.27,41.25,1692.0
MI,state,6 International and Foreign Affairs,1994,0.0,6.52,23.91,15.22,54.35,46.0
MI,state,7 Religion Related,1994,12.94,11.44,23.38,15.42,36.82,201.0
MI,state,8 Other,1994,11.09,10.12,24.32,12.45,42.02,514.0
MN,state,1 Arts,1994,10.18,9.58,26.35,14.67,39.22,334.0
MN,state,2a Higher Education,1994,16.67,12.5,16.67,20.83,33.33,24.0
MN,state,2b Other Education,1994,10.6,10.93,21.19,16.89,40.4,302.0
MN,state,3 Environment and Animals,1994,7.14,6.12,24.49,15.31,46.94,98.0
MN,state,4a Hospitals,1994,10.77,7.69,6.15,33.85,41.54,65.0
MN,state,4b Other Health,1994,15.52,8.2,17.07,18.63,40.58,451.0
MN,state,5 Human Services,1994,17.0,8.23,14.48,18.98,41.31,1312.0
MN,state,6 International and Foreign Affairs,1994,2.7,10.81,13.51,8.11,64.86,37.0
MN,state,7 Religion Related,1994,10.0,9.29,22.14,12.86,45.71,140.0
MN,state,8 Other,1994,10.07,10.55,24.22,11.75,43.41,417.0
MO,state,1 Arts,1994,9.72,9.72,25.46,13.89,41.2,216.0
MO,state,2a Higher Education,1994,15.38,7.69,19.23,23.08,34.62,26.0
MO,state,2b Other Education,1994,11.25,9.0,21.22,12.86,45.66,311.0
MO,state,3 Environment and Animals,1994,7.5,12.5,17.5,7.5,55.0,40.0
MO,state,4a Hospitals,1994,12.0,0.0,4.0,28.0,56.0,50.0
MO,state,4b Other Health,1994,12.95,8.29,15.8,14.77,48.19,386.0
MO,state,5 Human Services,1994,15.02,8.16,17.21,15.92,43.68,1005.0
MO,state,6 International and Foreign Affairs,1994,16.0,8.0,20.0,4.0,52.0,25.0
MO,state,7 Religion Related,1994,11.19,8.39,20.28,12.59,47.55,143.0
MO,state,8 Other,1994,12.32,11.27,26.41,13.03,36.97,284.0
MS,state,1 Arts,1994,7.02,5.26,33.33,15.79,38.6,57.0
MS,state,2a Higher Education,1994,10.0,20.0,20.0,20.0,30.0,10.0
MS,state,2b Other Education,1994,15.38,10.58,23.08,10.58,40.38,104.0
MS,state,3 Environment and Animals,1994,16.67,16.67,12.5,12.5,41.67,24.0
MS,state,4a Hospitals,1994,5.13,2.56,5.13,25.64,61.54,39.0
MS,state,4b Other Health,1994,10.91,8.18,14.55,19.09,47.27,110.0
MS,state,5 Human Services,1994,22.55,12.0,18.55,12.36,34.55,275.0
MS,state,6 International and Foreign Affairs,1994,11.11,0.0,22.22,0.0,66.67,9.0
MS,state,7 Religion Related,1994,7.5,10.0,22.5,17.5,42.5,40.0
MS,state,8 Other,1994,19.54,11.49,19.54,13.79,35.63,87.0
MT,state,1 Arts,1994,10.14,11.59,31.88,10.14,36.23,69.0
MT,state,2a Higher Education,1994,0.0,14.29,14.29,0.0,71.43,7.0
MT,state,2b Other Education,1994,8.57,8.57,21.43,18.57,42.86,70.0
MT,state,3 Environment and Animals,1994,9.52,0.0,26.19,14.29,50.0,42.0
MT,state,4a Hospitals,1994,25.0,7.5,2.5,32.5,32.5,40.0
MT,state,4b Other Health,1994,10.75,10.75,18.28,20.43,39.78,93.0
MT,state,5 Human Services,1994,14.67,9.27,18.15,25.48,32.43,259.0
MT,state,6 International and Foreign Affairs,1994,0.0,0.0,25.0,12.5,62.5,8.0
MT,state,7 Religion Related,1994,17.65,5.88,29.41,17.65,29.41,17.0
MT,state,8 Other,1994,13.79,5.17,17.24,6.9,56.9,58.0
NC,state,1 Arts,1994,13.06,6.82,26.11,16.02,37.98,337.0
NC,state,2a Higher Education,1994,15.0,10.0,22.5,20.0,32.5,40.0
NC,state,2b Other Education,1994,7.47,8.74,21.86,14.39,47.54,549.0
NC,state,3 Environment and Animals,1994,2.35,11.76,32.94,7.06,45.88,85.0
NC,state,4a Hospitals,1994,14.77,2.27,9.09,34.09,39.77,88.0
NC,state,4b Other Health,1994,11.18,13.14,18.04,16.47,41.18,510.0
NC,state,5 Human Services,1994,16.06,7.86,15.56,15.81,44.7,1208.0
NC,state,6 International and Foreign Affairs,1994,7.69,3.85,19.23,15.38,53.85,26.0
NC,state,7 Religion Related,1994,12.22,6.67,18.89,15.56,46.67,180.0
NC,state,8 Other,1994,10.8,7.48,22.99,10.25,48.48,361.0
ND,state,1 Arts,1994,8.0,12.0,20.0,8.0,52.0,50.0
ND,state,2a Higher Education,1994,66.67,0.0,16.67,0.0,16.67,6.0
ND,state,2b Other Education,1994,14.04,14.04,14.04,7.02,50.88,57.0
ND,state,3 Environment and Animals,1994,9.09,9.09,36.36,18.18,27.27,11.0
ND,state,4a Hospitals,1994,8.82,5.88,2.94,26.47,55.88,34.0
ND,state,4b Other Health,1994,16.48,4.4,10.99,25.27,42.86,91.0
ND,state,5 Human Services,1994,15.45,9.55,14.09,20.45,40.45,220.0
ND,state,6 International and Foreign Affairs,1994,20.0,0.0,40.0,0.0,40.0,5.0
ND,state,7 Religion Related,1994,11.11,11.11,27.78,22.22,27.78,18.0
ND,state,8 Other,1994,16.36,7.27,27.27,12.73,36.36,55.0
NE,state,1 Arts,1994,9.89,12.09,28.57,13.19,36.26,91.0
NE,state,2a Higher Education,1994,0.0,22.22,22.22,44.44,11.11,9.0
NE,state,2b Other Education,1994,13.46,6.73,26.92,12.5,40.38,104.0
NE,state,3 Environment and Animals,1994,14.29,10.71,17.86,7.14,50.0,28.0
NE,state,4a Hospitals,1994,21.62,5.41,2.7,32.43,37.84,37.0
NE,state,4b Other Health,1994,11.8,11.18,19.25,18.01,39.75,161.0
NE,state,5 Human Services,1994,16.67,8.33,20.37,20.6,34.03,432.0
NE,state,6 International and Foreign Affairs,1994,33.33,0.0,66.67,0.0,0.0,6.0
NE,state,7 Religion Related,1994,10.53,10.53,34.21,10.53,34.21,38.0
NE,state,8 Other,1994,11.45,9.16,26.72,9.92,42.75,131.0
NH,state,1 Arts,1994,13.19,9.89,25.27,13.19,38.46,91.0
NH,state,2a Higher Education,1994,30.77,7.69,7.69,30.77,23.08,13.0
NH,state,2b Other Education,1994,14.95,7.48,19.63,12.15,45.79,107.0
NH,state,3 Environment and Animals,1994,15.38,3.85,23.08,3.85,53.85,26.0
NH,state,4a Hospitals,1994,24.14,10.34,3.45,13.79,48.28,29.0
NH,state,4b Other Health,1994,11.67,10.83,16.67,12.5,48.33,120.0
NH,state,5 Human Services,1994,15.16,6.45,15.48,20.65,42.26,310.0
NH,state,6 International and Foreign Affairs,1994,0.0,0.0,20.0,0.0,80.0,5.0
NH,state,7 Religion Related,1994,12.5,12.5,31.25,18.75,25.0,16.0
NH,state,8 Other,1994,13.11,11.48,26.23,13.11,36.07,61.0
NJ,state,1 Arts,1994,10.17,9.49,25.42,10.51,44.41,295.0
NJ,state,2a Higher Education,1994,6.67,6.67,13.33,20.0,53.33,15.0
NJ,state,2b Other Education,1994,12.79,9.22,16.35,19.92,41.72,477.0
NJ,state,3 Environment and Animals,1994,9.09,15.91,25.0,17.05,32.95,88.0
NJ,state,4a Hospitals,1994,25.68,17.57,4.05,25.68,27.03,74.0
NJ,state,4b Other Health,1994,14.15,10.58,16.33,16.8,42.15,643.0
NJ,state,5 Human Services,1994,17.04,10.48,14.4,19.42,38.67,1174.0
NJ,state,6 International and Foreign Affairs,1994,6.25,20.83,22.92,12.5,37.5,48.0
NJ,state,7 Religion Related,1994,10.34,9.48,31.9,14.66,33.62,116.0
NJ,state,8 Other,1994,13.29,10.88,26.28,11.78,37.76,331.0
NM,state,1 Arts,1994,4.07,8.13,22.76,17.07,47.97,123.0
NM,state,2a Higher Education,1994,22.22,0.0,22.22,22.22,33.33,9.0
NM,state,2b Other Education,1994,13.51,7.21,21.62,16.22,41.44,111.0
NM,state,3 Environment and Animals,1994,7.89,13.16,28.95,15.79,34.21,38.0
NM,state,4a Hospitals,1994,10.0,0.0,10.0,20.0,60.0,10.0
NM,state,4b Other Health,1994,8.03,6.57,16.79,17.52,51.09,137.0
NM,state,5 Human Services,1994,12.15,8.76,17.51,10.45,51.13,354.0
NM,state,6 International and Foreign Affairs,1994,0.0,12.5,12.5,12.5,62.5,8.0
NM,state,7 Religion Related,1994,17.07,17.07,17.07,2.44,46.34,41.0
NM,state,8 Other,1994,10.71,11.9,22.62,10.71,44.05,84.0
NV,state,1 Arts,1994,2.27,22.73,27.27,4.55,43.18,44.0
NV,state,2a Higher Education,1994,0.0,0.0,0.0,0.0,100.0,2.0
NV,state,2b Other Education,1994,21.74,0.0,19.57,13.04,45.65,46.0
NV,state,3 Environment and Animals,1994,11.11,22.22,11.11,16.67,38.89,18.0
NV,state,4a Hospitals,1994,28.57,0.0,0.0,42.86,28.57,7.0
NV,state,4b Other Health,1994,11.11,14.29,20.63,11.11,42.86,63.0
NV,state,5 Human Services,1994,16.56,6.37,21.02,18.47,37.58,157.0
NV,state,6 International and Foreign Affairs,1994,0.0,0.0,50.0,0.0,50.0,2.0
NV,state,7 Religion Related,1994,0.0,0.0,25.0,12.5,62.5,8.0
NV,state,8 Other,1994,8.11,10.81,29.73,5.41,45.95,37.0
NY,state,1 Arts,1994,9.99,10.44,25.07,13.32,41.19,1532.0
NY,state,2a Higher Education,1994,14.02,9.35,18.69,24.3,33.64,107.0
NY,state,2b Other Education,1994,14.26,9.02,18.9,17.57,40.25,1508.0
NY,state,3 Environment and Animals,1994,8.33,9.85,21.97,7.95,51.89,264.0
NY,state,4a Hospitals,1994,26.85,7.38,5.37,32.89,27.52,149.0
NY,state,4b Other Health,1994,14.82,9.5,17.86,16.47,41.36,1579.0
NY,state,5 Human Services,1994,18.91,10.33,16.15,19.23,35.38,3485.0
NY,state,6 International and Foreign Affairs,1994,8.19,7.91,31.07,8.47,44.35,354.0
NY,state,7 Religion Related,1994,10.58,12.53,26.74,8.91,41.23,359.0
NY,state,8 Other,1994,10.93,10.39,24.82,10.93,42.92,1116.0
OH,state,1 Arts,1994,9.98,11.71,22.07,13.05,43.19,521.0
OH,state,2a Higher Education,1994,20.0,10.0,11.67,20.0,38.33,60.0
OH,state,2b Other Education,1994,10.65,9.88,25.03,13.48,40.95,779.0
OH,state,3 Environment and Animals,1994,6.71,4.7,29.53,7.38,51.68,149.0
OH,state,4a Hospitals,1994,18.24,8.24,7.65,29.41,36.47,170.0
OH,state,4b Other Health,1994,14.86,9.25,18.01,17.62,40.26,1016.0
OH,state,5 Human Services,1994,18.2,8.9,14.29,19.4,39.2,2505.0
OH,state,6 International and Foreign Affairs,1994,16.07,7.14,35.71,12.5,28.57,56.0
OH,state,7 Religion Related,1994,7.36,8.23,24.24,15.58,44.59,231.0
OH,state,8 Other,1994,10.6,8.68,26.31,11.24,43.17,783.0
OK,state,1 Arts,1994,9.63,7.41,32.59,10.37,40.0,135.0
OK,state,2a Higher Education,1994,25.0,16.67,25.0,16.67,16.67,12.0
OK,state,2b Other Education,1994,13.94,9.09,15.76,12.73,48.48,165.0
OK,state,3 Environment and Animals,1994,5.41,0.0,29.73,10.81,54.05,37.0
OK,state,4a Hospitals,1994,8.82,8.82,20.59,29.41,32.35,34.0
OK,state,4b Other Health,1994,14.76,10.0,18.57,13.33,43.33,210.0
OK,state,5 Human Services,1994,15.79,11.47,18.23,16.35,38.16,532.0
OK,state,6 International and Foreign Affairs,1994,0.0,14.29,28.57,0.0,57.14,14.0
OK,state,7 Religion Related,1994,11.04,8.44,18.83,14.29,47.4,154.0
OK,state,8 Other,1994,10.69,10.69,25.79,11.95,40.88,159.0
OR,state,1 Arts,1994,8.38,7.85,25.13,18.85,39.79,191.0
OR,state,2a Higher Education,1994,21.05,5.26,10.53,26.32,36.84,19.0
OR,state,2b Other Education,1994,11.87,10.05,17.81,12.33,47.95,219.0
OR,state,3 Environment and Animals,1994,8.05,10.34,27.59,5.75,48.28,87.0
OR,state,4a Hospitals,1994,29.03,0.0,6.45,29.03,35.48,31.0
OR,state,4b Other Health,1994,11.2,6.95,20.46,14.67,46.72,259.0
OR,state,5 Human Services,1994,11.75,8.88,17.23,17.75,44.39,766.0
OR,state,6 International and Foreign Affairs,1994,6.9,10.34,34.48,3.45,44.83,29.0
OR,state,7 Religion Related,1994,13.4,11.34,30.93,8.25,36.08,97.0
OR,state,8 Other,1994,8.13,8.75,22.5,10.0,50.63,160.0
PA,state,1 Arts,1994,11.02,6.3,26.14,13.86,42.68,635.0
PA,state,2a Higher Education,1994,16.28,6.98,22.09,26.74,27.91,86.0
PA,state,2b Other Education,1994,11.97,7.83,21.86,16.0,42.35,869.0
PA,state,3 Environment and Animals,1994,6.13,4.91,22.7,7.36,58.9,163.0
PA,state,4a Hospitals,1994,23.0,12.21,15.96,25.35,23.47,213.0
PA,state,4b Other Health,1994,12.81,6.36,17.05,16.15,47.63,1226.0
PA,state,5 Human Services,1994,16.69,8.24,14.14,17.98,42.95,2319.0
PA,state,6 International and Foreign Affairs,1994,6.56,6.56,24.59,9.84,52.46,61.0
PA,state,7 Religion Related,1994,9.34,11.67,23.74,16.73,38.52,257.0
PA,state,8 Other,1994,11.06,8.48,27.3,10.92,42.24,696.0
RI,state,1 Arts,1994,0.0,8.33,22.22,15.28,54.17,72.0
RI,state,2a Higher Education,1994,0.0,0.0,44.44,22.22,33.33,9.0
RI,state,2b Other Education,1994,4.76,15.48,17.86,15.48,46.43,84.0
RI,state,3 Environment and Animals,1994,0.0,0.0,47.06,11.76,41.18,17.0
RI,state,4a Hospitals,1994,7.14,0.0,7.14,50.0,35.71,14.0
RI,state,4b Other Health,1994,12.6,11.02,18.9,18.9,38.58,127.0
RI,state,5 Human Services,1994,11.33,9.77,17.19,19.92,41.8,256.0
RI,state,6 International and Foreign Affairs,1994,20.0,0.0,40.0,0.0,40.0,5.0
RI,state,7 Religion Related,1994,11.11,5.56,16.67,5.56,61.11,18.0
RI,state,8 Other,1994,6.31,9.91,32.43,7.21,44.14,111.0
SC,state,1 Arts,1994,11.5,10.62,20.35,9.73,47.79,113.0
SC,state,2a Higher Education,1994,9.09,9.09,27.27,4.55,50.0,22.0
SC,state,2b Other Education,1994,13.3,7.39,23.65,11.33,44.33,203.0
SC,state,3 Environment and Animals,1994,4.88,2.44,26.83,9.76,56.1,41.0
SC,state,4a Hospitals,1994,7.41,3.7,7.41,37.04,44.44,27.0
SC,state,4b Other Health,1994,11.58,8.95,16.32,16.84,46.32,190.0
SC,state,5 Human Services,1994,16.49,9.69,13.81,14.85,45.15,485.0
SC,state,6 International and Foreign Affairs,1994,0.0,0.0,36.36,0.0,63.64,11.0
SC,state,7 Religion Related,1994,8.33,11.67,23.33,11.67,45.0,60.0
SC,state,8 Other,1994,16.3,8.89,22.22,15.56,37.04,135.0
SD,state,1 Arts,1994,8.93,12.5,17.86,16.07,44.64,56.0
SD,state,2a Higher Education,1994,20.0,40.0,20.0,20.0,0.0,5.0
SD,state,2b Other Education,1994,9.59,9.59,20.55,9.59,50.68,73.0
SD,state,3 Environment and Animals,1994,0.0,12.5,25.0,12.5,50.0,16.0
SD,state,4a Hospitals,1994,10.0,3.33,13.33,33.33,40.0,30.0
SD,state,4b Other Health,1994,14.1,10.26,17.95,25.64,32.05,78.0
SD,state,5 Human Services,1994,17.01,9.28,10.31,20.1,43.3,194.0
SD,state,6 International and Foreign Affairs,1994,0.0,0.0,100.0,0.0,0.0,1.0
SD,state,7 Religion Related,1994,18.75,6.25,50.0,0.0,25.0,16.0
SD,state,8 Other,1994,7.02,7.02,26.32,14.04,45.61,57.0
TN,state,1 Arts,1994,12.35,6.79,27.16,14.2,39.51,162.0
TN,state,2a Higher Education,1994,7.5,12.5,12.5,7.5,60.0,40.0
TN,state,2b Other Education,1994,7.94,8.33,17.46,14.29,51.98,252.0
TN,state,3 Environment and Animals,1994,3.28,3.28,24.59,14.75,54.1,61.0
TN,state,4a Hospitals,1994,14.55,5.45,12.73,29.09,38.18,55.0
TN,state,4b Other Health,1994,11.49,8.05,18.39,17.53,44.54,348.0
TN,state,5 Human Services,1994,19.31,8.57,14.45,14.71,42.97,782.0
TN,state,6 International and Foreign Affairs,1994,0.0,14.29,35.71,7.14,42.86,14.0
TN,state,7 Religion Related,1994,10.99,9.89,23.08,12.64,43.41,182.0
TN,state,8 Other,1994,10.34,6.03,23.28,12.93,47.41,232.0
TX,state,1 Arts,1994,9.91,8.76,27.3,10.49,43.53,696.0
TX,state,2a Higher Education,1994,14.81,7.41,24.07,24.07,29.63,54.0
TX,state,2b Other Education,1994,10.44,8.21,23.81,12.26,45.29,987.0
TX,state,3 Environment and Animals,1994,11.86,8.47,28.25,12.99,38.42,177.0
TX,state,4a Hospitals,1994,11.4,11.4,6.14,25.44,45.61,114.0
TX,state,4b Other Health,1994,13.46,8.36,21.08,13.28,43.83,1077.0
TX,state,5 Human Services,1994,14.92,10.46,20.68,14.88,39.05,2466.0
TX,state,6 International and Foreign Affairs,1994,6.94,12.5,27.78,6.94,45.83,72.0
TX,state,7 Religion Related,1994,13.27,8.74,22.98,12.46,42.56,618.0
TX,state,8 Other,1994,11.0,7.96,27.94,12.39,40.71,791.0
UT,state,1 Arts,1994,9.52,6.35,26.98,14.29,42.86,63.0
UT,state,2a Higher Education,1994,33.33,0.0,16.67,16.67,33.33,6.0
UT,state,2b Other Education,1994,8.75,8.75,15.0,12.5,55.0,80.0
UT,state,3 Environment and Animals,1994,9.09,6.06,24.24,15.15,45.45,33.0
UT,state,4a Hospitals,1994,0.0,0.0,0.0,0.0,100.0,2.0
UT,state,4b Other Health,1994,8.24,9.41,20.0,8.24,54.12,85.0
UT,state,5 Human Services,1994,12.57,12.04,14.66,13.09,47.64,191.0
UT,state,6 International and Foreign Affairs,1994,0.0,0.0,66.67,0.0,33.33,3.0
UT,state,7 Religion Related,1994,14.29,14.29,21.43,0.0,50.0,14.0
UT,state,8 Other,1994,3.92,9.8,35.29,11.76,39.22,51.0
VA,state,1 Arts,1994,12.62,9.23,24.62,12.31,41.23,325.0
VA,state,2a Higher Education,1994,0.0,14.81,18.52,18.52,48.15,27.0
VA,state,2b Other Education,1994,9.96,7.88,21.16,13.07,47.93,482.0
VA,state,3 Environment and Animals,1994,6.09,7.83,27.83,6.96,51.3,115.0
VA,state,4a Hospitals,1994,18.29,9.76,6.1,28.05,37.8,82.0
VA,state,4b Other Health,1994,8.6,6.8,23.4,14.8,46.4,500.0
VA,state,5 Human Services,1994,16.67,9.23,15.07,15.82,43.22,1062.0
VA,state,6 International and Foreign Affairs,1994,10.0,7.14,27.14,5.71,50.0,70.0
VA,state,7 Religion Related,1994,9.09,6.25,21.59,15.34,47.73,176.0
VA,state,8 Other,1994,11.67,9.15,26.77,12.13,40.27,437.0
VT,state,1 Arts,1994,9.52,9.52,13.1,14.29,53.57,84.0
VT,state,2a Higher Education,1994,12.5,18.75,6.25,43.75,18.75,16.0
VT,state,2b Other Education,1994,8.33,13.1,17.86,16.67,44.05,84.0
VT,state,3 Environment and Animals,1994,8.33,4.17,37.5,4.17,45.83,24.0
VT,state,4a Hospitals,1994,5.56,5.56,16.67,27.78,44.44,18.0
VT,state,4b Other Health,1994,16.53,4.13,15.7,14.05,49.59,121.0
VT,state,5 Human Services,1994,12.05,10.71,16.52,18.3,42.41,224.0
VT,state,6 International and Foreign Affairs,1994,0.0,0.0,40.0,0.0,60.0,5.0
VT,state,7 Religion Related,1994,11.11,0.0,11.11,11.11,66.67,9.0
VT,state,8 Other,1994,15.0,11.67,20.0,8.33,45.0,60.0
WA,state,1 Arts,1994,9.97,9.97,23.47,12.22,44.37,311.0
WA,state,2a Higher Education,1994,25.0,12.5,16.67,8.33,37.5,24.0
WA,state,2b Other Education,1994,9.79,11.6,18.81,13.66,46.13,388.0
WA,state,3 Environment and Animals,1994,7.41,11.11,24.07,6.48,50.93,108.0
WA,state,4a Hospitals,1994,21.88,0.0,6.25,34.38,37.5,32.0
WA,state,4b Other Health,1994,13.38,9.21,20.83,14.47,42.11,456.0
WA,state,5 Human Services,1994,14.85,9.81,18.21,17.51,39.61,1131.0
WA,state,6 International and Foreign Affairs,1994,10.53,18.42,23.68,7.89,39.47,38.0
WA,state,7 Religion Related,1994,12.5,8.59,32.03,10.16,36.72,128.0
WA,state,8 Other,1994,9.9,8.58,31.35,9.9,40.26,303.0
WI,state,1 Arts,1994,10.85,8.53,25.19,12.4,43.02,258.0
