location,location_type,topic,start_year,percent_no_change,percent_slight_loss,percent_large_loss,percent_slight_increase,percent_large_increase
AK,state,aggregate,2009,10.56,10.81,28.47,12.58,37.58
AL,state,aggregate,2009,13.93,11.16,28.88,11.62,34.41
AR,state,aggregate,2009,13.21,11.24,26.29,12.4,36.85
AZ,state,aggregate,2009,11.33,10.92,32.19,10.92,34.65
CA,state,aggregate,2009,11.89,10.73,31.12,11.09,35.17
CO,state,aggregate,2009,11.96,10.61,29.03,11.64,36.75
CT,state,aggregate,2009,13.6,11.94,28.44,13.03,33.0
DC,state,aggregate,2009,8.76,9.08,33.36,9.34,39.47
DE,state,aggregate,2009,12.91,10.72,28.5,12.31,35.55
FL,state,aggregate,2009,12.39,10.92,30.09,11.47,35.13
GA,state,aggregate,2009,11.65,11.52,30.17,10.83,35.83
HI,state,aggregate,2009,11.78,9.88,32.0,10.34,35.99
IA,state,aggregate,2009,14.56,11.14,27.47,13.15,33.69
ID,state,aggregate,2009,10.89,12.91,28.77,11.35,36.08
IL,state,aggregate,2009,13.43,11.69,28.99,12.25,33.63
IN,state,aggregate,2009,12.1,11.69,29.14,12.31,34.76
KS,state,aggregate,2009,14.16,11.9,27.64,13.85,32.45
KY,state,aggregate,2009,14.16,11.45,28.83,12.62,32.94
LA,state,aggregate,2009,12.37,10.84,31.42,10.99,34.38
MA,state,aggregate,2009,14.42,11.55,27.34,13.07,33.62
MD,state,aggregate,2009,13.27,11.55,28.72,12.52,33.94
ME,state,aggregate,2009,13.26,11.11,27.95,13.81,33.87
MI,state,aggregate,2009,13.69,11.62,28.53,11.7,34.46
MN,state,aggregate,2009,15.51,11.67,26.18,13.49,33.15
MO,state,aggregate,2009,13.45,11.74,27.45,11.48,35.88
MS,state,aggregate,2009,12.9,10.27,27.64,11.67,37.52
MT,state,aggregate,2009,13.72,10.42,25.9,11.21,38.76
NC,state,aggregate,2009,13.19,11.99,30.03,11.4,33.39
ND,state,aggregate,2009,12.43,9.96,22.49,16.57,38.56
NE,state,aggregate,2009,12.8,9.71,28.24,12.49,36.76
NH,state,aggregate,2009,12.81,10.69,28.87,13.53,34.09
NJ,state,aggregate,2009,13.93,11.69,29.58,13.02,31.78
NM,state,aggregate,2009,12.26,11.52,30.57,11.13,34.52
NV,state,aggregate,2009,10.83,10.03,35.63,9.47,34.03
NY,state,aggregate,2009,13.81,11.5,27.96,12.94,33.79
OH,state,aggregate,2009,14.43,11.95,29.04,12.12,32.47
OK,state,aggregate,2009,12.76,12.51,28.27,11.33,35.13
OR,state,aggregate,2009,11.58,10.99,29.04,11.4,36.99
PA,state,aggregate,2009,13.18,11.6,28.78,12.48,33.96
RI,state,aggregate,2009,13.9,11.1,27.08,14.47,33.45
SC,state,aggregate,2009,12.67,11.91,31.04,11.56,32.83
SD,state,aggregate,2009,14.18,10.82,25.89,14.72,34.4
TN,state,aggregate,2009,13.96,11.16,26.73,12.52,35.63
TX,state,aggregate,2009,11.4,10.51,29.9,10.7,37.49
UT,state,aggregate,2009,14.72,11.47,28.63,11.53,33.65
VA,state,aggregate,2009,12.42,11.11,31.04,11.35,34.07
VT,state,aggregate,2009,14.65,11.93,26.24,13.72,33.47
WA,state,aggregate,2009,12.13,11.9,29.43,11.87,34.67
WI,state,aggregate,2009,13.81,11.3,27.51,13.22,34.16
WV,state,aggregate,2009,13.01,10.58,26.07,13.18,37.16
WY,state,aggregate,2009,10.97,11.2,29.6,11.2,37.03
All USA,all_usa,aggregate,2009,12.929174420799958,11.267092806861397,29.16632953043666,11.984855840548049,34.65254740135394
"Atlanta-Sandy Springs-Roswell, GA",cbsa,aggregate,2009,11.88,10.64,30.68,10.33,36.48
"Austin-Round Rock, TX",cbsa,aggregate,2009,10.76,9.97,27.99,11.61,39.66
"Baltimore-Columbia-Towson, MD",cbsa,aggregate,2009,13.06,11.39,29.38,12.72,33.46
"Birmingham-Hoover, AL",cbsa,aggregate,2009,13.26,10.51,29.47,12.57,34.18
"Boston-Cambridge-Newton, MA-NH",cbsa,aggregate,2009,13.61,11.27,27.78,12.67,34.67
"Buffalo-Cheektowaga-Niagara Falls, NY",cbsa,aggregate,2009,16.25,13.35,24.94,13.44,32.02
"Charlotte-Concord-Gastonia, NC-SC",cbsa,aggregate,2009,11.08,11.44,30.76,11.2,35.51
"Chicago-Naperville-Elgin, IL-IN-WI",cbsa,aggregate,2009,12.71,11.37,30.0,12.15,33.77
"Cincinnati, OH-KY-IN",cbsa,aggregate,2009,13.51,12.12,27.77,12.49,34.11
"Cleveland-Elyria, OH",cbsa,aggregate,2009,11.87,11.6,34.79,12.18,29.56
"Columbus, OH",cbsa,aggregate,2009,16.73,12.81,26.02,12.54,31.9
"Dallas-Fort Worth-Arlington, TX",cbsa,aggregate,2009,11.25,10.58,31.31,9.82,37.04
"Denver-Aurora-Lakewood, CO",cbsa,aggregate,2009,12.53,10.07,28.74,11.66,37.0
"Detroit-Warren-Dearborn, MI",cbsa,aggregate,2009,14.49,10.94,30.6,10.24,33.73
"Hartford-West Hartford-East Hartford, CT",cbsa,aggregate,2009,14.01,12.08,26.67,14.01,33.23
"Houston-The Woodlands-Sugar Land, TX",cbsa,aggregate,2009,11.15,10.4,29.57,10.45,38.43
"Indianapolis-Carmel-Anderson, IN",cbsa,aggregate,2009,11.29,11.88,28.69,13.13,35.01
"Jacksonville, FL",cbsa,aggregate,2009,11.51,10.38,30.11,11.92,36.07
"Kansas City, MO-KS",cbsa,aggregate,2009,12.82,10.93,28.66,11.72,35.87
"Las Vegas-Henderson-Paradise, NV",cbsa,aggregate,2009,9.38,9.22,36.41,8.27,36.72
"Los Angeles-Long Beach-Anaheim, CA",cbsa,aggregate,2009,12.08,10.51,31.33,11.06,35.03
"Louisville/Jefferson County, KY-IN",cbsa,aggregate,2009,14.41,10.92,31.69,11.28,31.69
"Memphis, TN-MS-AR",cbsa,aggregate,2009,13.94,10.48,26.14,13.94,35.5
"Miami-Fort Lauderdale-West Palm Beach, FL",cbsa,aggregate,2009,12.75,10.64,30.52,10.7,35.4
"Milwaukee-Waukesha-West Allis, WI",cbsa,aggregate,2009,11.84,9.73,29.84,11.9,36.69
"Minneapolis-St. Paul-Bloomington, MN-WI",cbsa,aggregate,2009,14.01,11.36,27.75,13.2,33.68
"Nashville-Davidson--Murfreesboro--Franklin, TN",cbsa,aggregate,2009,12.67,10.52,28.08,11.8,36.92
"New Orleans-Metairie, LA",cbsa,aggregate,2009,10.83,10.64,31.82,9.86,36.85
"New York-Newark-Jersey City, NY-NJ-PA",cbsa,aggregate,2009,13.04,11.17,29.03,12.4,34.37
"Oklahoma City, OK",cbsa,aggregate,2009,12.93,10.54,27.21,10.71,38.61
"Orlando-Kissimmee-Sanford, FL",cbsa,aggregate,2009,12.7,10.01,31.49,10.74,35.05
"Philadelphia-Camden-Wilmington, PA-NJ-DE-MD",cbsa,aggregate,2009,12.86,11.65,28.9,12.46,34.12
"Phoenix-Mesa-Scottsdale, AZ",cbsa,aggregate,2009,11.06,10.71,32.09,10.36,35.78
"Pittsburgh, PA",cbsa,aggregate,2009,12.87,12.15,29.09,12.33,33.56
"Portland-Vancouver-Hillsboro, OR-WA",cbsa,aggregate,2009,10.75,11.19,29.21,11.08,37.77
"Providence-Warwick, RI-MA",cbsa,aggregate,2009,14.86,11.71,27.01,13.99,32.43
"Raleigh, NC",cbsa,aggregate,2009,11.81,11.41,28.67,11.89,36.22
"Richmond, VA",cbsa,aggregate,2009,12.17,12.09,32.84,10.21,32.68
"Riverside-San Bernardino-Ontario, CA",cbsa,aggregate,2009,10.36,10.36,33.52,11.02,34.75
"Sacramento--Roseville--Arden-Arcade, CA",cbsa,aggregate,2009,11.98,11.69,30.37,12.28,33.67
"St. Louis, MO-IL",cbsa,aggregate,2009,12.65,11.26,27.77,12.23,36.1
"Salt Lake City, UT",cbsa,aggregate,2009,16.09,11.38,26.9,12.07,33.56
"San Antonio-New Braunfels, TX",cbsa,aggregate,2009,13.05,9.91,30.91,11.17,34.96
"San Diego-Carlsbad, CA",cbsa,aggregate,2009,11.43,10.56,31.54,11.61,34.86
"San Francisco-Oakland-Hayward, CA",cbsa,aggregate,2009,11.85,10.14,29.93,11.62,36.46
"San Jose-Sunnyvale-Santa Clara, CA",cbsa,aggregate,2009,13.7,10.95,28.04,10.63,36.67
"Seattle-Tacoma-Bellevue, WA",cbsa,aggregate,2009,11.94,12.18,29.44,11.85,34.59
"Tampa-St. Petersburg-Clearwater, FL",cbsa,aggregate,2009,12.81,12.4,29.18,12.45,33.16
"Virginia Beach-Norfolk-Newport News, VA-NC",cbsa,aggregate,2009,12.38,12.79,32.05,10.74,32.05
"Washington-Arlington-Alexandria, DC-VA-MD-WV",cbsa,aggregate,2009,11.51,10.07,30.68,10.82,36.92
All CBSAs,all_cbsa,aggregate,2009,12.545148681411114,11.026792340804512,29.672579288506256,11.72319528969373,35.032284399584384
aggregate,aggregate,1 Arts,2009,10.1,11.1,33.54,10.26,35.01
aggregate,aggregate,2a Higher Education,2009,13.46,10.69,23.24,15.0,37.61
aggregate,aggregate,2b Other Education,2009,11.87,12.01,31.75,11.47,32.9
aggregate,aggregate,3 Environment and Animals,2009,9.02,9.16,32.67,8.28,40.86
aggregate,aggregate,4a Hospitals,2009,20.72,9.58,14.83,24.47,30.39
aggregate,aggregate,4b Other Health,2009,13.96,11.47,27.0,13.37,34.2
aggregate,aggregate,5 Human Services,2009,15.72,11.91,25.36,13.83,33.18
aggregate,aggregate,6 International and Foreign Affairs,2009,7.2,7.97,32.66,7.42,44.75
aggregate,aggregate,7 Religion Related,2009,11.04,10.94,32.09,10.26,35.67
aggregate,aggregate,8 Other,2009,10.25,9.89,33.34,8.97,37.55
AK,state,1 Arts,2009,12.05,13.25,33.73,10.24,30.72
AK,state,2a Higher Education,2009,20.0,0.0,20.0,20.0,40.0
AK,state,2b Other Education,2009,10.49,8.39,29.37,18.18,33.57
AK,state,3 Environment and Animals,2009,9.9,9.9,34.65,6.93,38.61
AK,state,4a Hospitals,2009,18.18,9.09,0.0,18.18,54.55
AK,state,4b Other Health,2009,11.94,8.96,17.16,16.42,45.52
AK,state,5 Human Services,2009,10.52,11.55,26.6,13.61,37.73
AK,state,6 International and Foreign Affairs,2009,0.0,10.53,57.89,0.0,31.58
AK,state,7 Religion Related,2009,7.84,17.65,25.49,11.76,37.25
AK,state,8 Other,2009,9.6,8.0,34.4,7.2,40.8
AL,state,1 Arts,2009,12.66,9.81,35.13,9.18,33.23
AL,state,2a Higher Education,2009,9.09,9.09,36.36,18.18,27.27
AL,state,2b Other Education,2009,11.71,11.71,35.32,9.72,31.55
AL,state,3 Environment and Animals,2009,6.43,7.86,31.43,12.14,42.14
AL,state,4a Hospitals,2009,22.86,17.14,8.57,17.14,34.29
AL,state,4b Other Health,2009,14.91,11.0,25.67,12.47,35.94
AL,state,5 Human Services,2009,17.68,12.38,24.53,12.31,33.1
AL,state,6 International and Foreign Affairs,2009,7.5,0.0,30.0,15.0,47.5
AL,state,7 Religion Related,2009,9.78,8.83,34.7,13.88,32.81
AL,state,8 Other,2009,11.04,11.49,28.83,9.91,38.74
AR,state,1 Arts,2009,8.28,10.65,30.77,7.69,42.6
AR,state,2a Higher Education,2009,12.5,6.25,25.0,6.25,50.0
AR,state,2b Other Education,2009,11.73,11.73,29.89,12.57,34.08
AR,state,3 Environment and Animals,2009,7.78,10.0,41.11,11.11,30.0
AR,state,4a Hospitals,2009,19.57,8.7,36.96,17.39,17.39
AR,state,4b Other Health,2009,12.1,14.11,22.18,14.92,36.69
AR,state,5 Human Services,2009,16.81,11.75,19.18,14.12,38.15
AR,state,6 International and Foreign Affairs,2009,13.79,3.45,27.59,6.9,48.28
AR,state,7 Religion Related,2009,13.09,10.47,30.89,7.85,37.7
AR,state,8 Other,2009,7.58,9.09,37.12,10.61,35.61
AZ,state,1 Arts,2009,8.96,12.97,37.03,11.08,29.95
AZ,state,2a Higher Education,2009,13.33,13.33,33.33,6.67,33.33
AZ,state,2b Other Education,2009,10.54,10.2,31.5,12.33,35.43
AZ,state,3 Environment and Animals,2009,8.11,6.31,31.53,12.16,41.89
AZ,state,4a Hospitals,2009,30.95,7.14,7.14,23.81,30.95
AZ,state,4b Other Health,2009,13.63,9.85,27.25,11.53,37.74
AZ,state,5 Human Services,2009,13.25,13.4,30.08,11.17,32.09
AZ,state,6 International and Foreign Affairs,2009,12.36,3.37,37.08,5.62,41.57
AZ,state,7 Religion Related,2009,9.27,7.28,38.08,10.26,35.1
AZ,state,8 Other,2009,8.25,10.61,37.52,6.88,36.74
CA,state,1 Arts,2009,9.87,10.94,33.6,9.95,35.64
CA,state,2a Higher Education,2009,11.02,10.17,31.36,11.44,36.02
CA,state,2b Other Education,2009,12.24,12.15,31.79,11.63,32.2
CA,state,3 Environment and Animals,2009,8.45,8.51,33.53,7.29,42.23
CA,state,4a Hospitals,2009,14.21,6.56,13.66,19.13,46.45
CA,state,4b Other Health,2009,11.7,11.57,31.08,10.94,34.72
CA,state,5 Human Services,2009,14.75,10.63,27.81,12.83,33.98
CA,state,6 International and Foreign Affairs,2009,6.96,7.55,33.73,8.61,43.16
CA,state,7 Religion Related,2009,9.19,10.89,34.86,9.83,35.23
CA,state,8 Other,2009,9.03,9.14,34.3,8.61,38.93
CO,state,1 Arts,2009,10.28,12.19,25.99,11.89,39.65
CO,state,2a Higher Education,2009,8.0,24.0,28.0,8.0,32.0
CO,state,2b Other Education,2009,10.93,10.24,32.98,12.39,33.46
CO,state,3 Environment and Animals,2009,9.31,8.24,32.71,9.04,40.69
CO,state,4a Hospitals,2009,12.5,7.5,10.0,27.5,42.5
CO,state,4b Other Health,2009,10.36,10.52,29.94,13.11,36.08
CO,state,5 Human Services,2009,14.82,11.64,26.52,12.67,34.34
CO,state,6 International and Foreign Affairs,2009,5.37,7.38,30.2,6.04,51.01
CO,state,7 Religion Related,2009,12.96,8.86,32.61,8.64,36.93
CO,state,8 Other,2009,10.53,9.58,29.27,9.85,40.77
CT,state,1 Arts,2009,9.42,11.59,34.42,13.04,31.52
CT,state,2a Higher Education,2009,4.17,16.67,29.17,12.5,37.5
CT,state,2b Other Education,2009,12.45,13.66,30.57,11.13,32.19
CT,state,3 Environment and Animals,2009,6.96,8.26,34.78,6.96,43.04
CT,state,4a Hospitals,2009,38.3,4.26,10.64,17.02,29.79
CT,state,4b Other Health,2009,15.91,11.84,22.17,16.58,33.5
CT,state,5 Human Services,2009,16.34,11.95,25.58,15.18,30.95
CT,state,6 International and Foreign Affairs,2009,9.33,9.33,22.67,9.33,49.33
CT,state,7 Religion Related,2009,10.32,14.29,25.4,6.35,43.65
CT,state,8 Other,2009,10.96,10.96,35.26,9.76,33.07
DC,state,1 Arts,2009,6.67,11.39,35.56,9.44,36.94
DC,state,2a Higher Education,2009,9.09,18.18,36.36,0.0,36.36
DC,state,2b Other Education,2009,9.73,8.75,30.35,11.87,39.3
DC,state,3 Environment and Animals,2009,7.45,10.56,29.19,9.94,42.86
DC,state,4a Hospitals,2009,12.5,12.5,12.5,25.0,37.5
DC,state,4b Other Health,2009,8.43,8.72,31.1,10.17,41.57
DC,state,5 Human Services,2009,10.63,10.12,30.35,9.73,39.18
DC,state,6 International and Foreign Affairs,2009,9.3,6.28,35.12,8.37,40.93
DC,state,7 Religion Related,2009,7.5,13.75,38.75,10.0,30.0
DC,state,8 Other,2009,7.34,7.88,38.05,7.08,39.65
DE,state,1 Arts,2009,11.76,11.76,30.25,9.24,36.97
DE,state,2a Higher Education,2009,0.0,0.0,14.29,28.57,57.14
DE,state,2b Other Education,2009,11.83,10.75,31.72,8.06,37.63
DE,state,3 Environment and Animals,2009,7.5,7.5,35.0,10.0,40.0
DE,state,4a Hospitals,2009,0.0,0.0,20.0,20.0,60.0
DE,state,4b Other Health,2009,11.54,9.62,27.88,14.42,36.54
DE,state,5 Human Services,2009,17.21,12.84,25.41,17.21,27.32
DE,state,6 International and Foreign Affairs,2009,0.0,20.0,40.0,10.0,30.0
DE,state,7 Religion Related,2009,7.5,12.5,15.0,7.5,57.5
DE,state,8 Other,2009,10.0,5.38,33.85,6.92,43.85
FL,state,1 Arts,2009,9.72,11.23,34.2,9.81,35.04
FL,state,2a Higher Education,2009,14.29,5.71,28.57,14.29,37.14
FL,state,2b Other Education,2009,12.32,12.04,31.3,11.85,32.49
FL,state,3 Environment and Animals,2009,9.02,8.44,34.5,6.7,41.34
FL,state,4a Hospitals,2009,18.75,6.25,19.53,28.13,27.34
FL,state,4b Other Health,2009,13.51,12.52,26.1,13.78,34.08
FL,state,5 Human Services,2009,14.82,11.02,27.65,13.13,33.39
FL,state,6 International and Foreign Affairs,2009,5.58,4.83,30.48,8.55,50.56
FL,state,7 Religion Related,2009,9.13,12.14,31.07,9.61,38.06
FL,state,8 Other,2009,10.78,9.2,34.52,7.48,38.02
GA,state,1 Arts,2009,9.35,13.36,35.06,7.85,34.39
GA,state,2a Higher Education,2009,13.16,13.16,18.42,13.16,42.11
GA,state,2b Other Education,2009,9.84,11.66,34.37,10.14,33.99
GA,state,3 Environment and Animals,2009,8.87,9.56,31.06,10.24,40.27
GA,state,4a Hospitals,2009,22.0,14.0,10.0,16.0,38.0
GA,state,4b Other Health,2009,11.28,13.37,27.02,10.58,37.74
GA,state,5 Human Services,2009,14.03,10.77,25.65,12.73,36.82
GA,state,6 International and Foreign Affairs,2009,7.41,8.89,31.85,4.44,47.41
GA,state,7 Religion Related,2009,11.61,9.93,34.83,10.07,33.57
GA,state,8 Other,2009,10.45,12.56,33.33,10.32,33.33
HI,state,1 Arts,2009,10.96,10.5,35.16,9.59,33.79
HI,state,2a Higher Education,2009,0.0,0.0,33.33,16.67,50.0
HI,state,2b Other Education,2009,8.2,10.55,37.89,9.77,33.59
HI,state,3 Environment and Animals,2009,7.69,7.69,28.57,5.49,50.55
HI,state,4a Hospitals,2009,20.83,0.0,16.67,33.33,29.17
HI,state,4b Other Health,2009,12.72,11.56,28.32,12.14,35.26
HI,state,5 Human Services,2009,14.08,10.14,30.23,11.8,33.75
HI,state,6 International and Foreign Affairs,2009,10.34,3.45,37.93,17.24,31.03
HI,state,7 Religion Related,2009,14.29,12.7,31.75,6.35,34.92
HI,state,8 Other,2009,11.8,8.99,30.9,5.62,42.7
IA,state,1 Arts,2009,8.8,8.8,32.53,9.87,40.0
IA,state,2a Higher Education,2009,21.05,5.26,15.79,18.42,39.47
IA,state,2b Other Education,2009,12.57,12.02,33.52,10.56,31.33
IA,state,3 Environment and Animals,2009,11.28,8.27,32.33,12.03,36.09
IA,state,4a Hospitals,2009,23.21,10.71,7.14,23.21,35.71
IA,state,4b Other Health,2009,17.62,11.01,24.89,14.54,31.94
IA,state,5 Human Services,2009,17.34,12.62,23.44,15.95,30.65
IA,state,6 International and Foreign Affairs,2009,16.22,13.51,21.62,18.92,29.73
IA,state,7 Religion Related,2009,11.69,8.44,24.68,7.14,48.05
IA,state,8 Other,2009,9.93,9.48,34.99,8.8,36.79
ID,state,1 Arts,2009,9.7,13.43,29.85,16.42,30.6
ID,state,2a Higher Education,2009,0.0,25.0,25.0,25.0,25.0
ID,state,2b Other Education,2009,9.34,14.84,26.92,9.89,39.01
ID,state,3 Environment and Animals,2009,7.77,9.71,36.89,9.71,35.92
ID,state,4a Hospitals,2009,18.18,22.73,9.09,22.73,27.27
ID,state,4b Other Health,2009,7.38,12.08,28.19,12.75,39.6
ID,state,5 Human Services,2009,14.75,12.53,28.69,10.71,33.33
ID,state,6 International and Foreign Affairs,2009,0.0,6.25,25.0,18.75,50.0
ID,state,7 Religion Related,2009,10.14,17.39,23.19,11.59,37.68
ID,state,8 Other,2009,6.25,10.71,32.14,6.25,44.64
IL,state,1 Arts,2009,8.93,12.14,35.13,9.63,34.17
IL,state,2a Higher Education,2009,13.33,13.33,22.67,13.33,37.33
IL,state,2b Other Education,2009,10.63,11.94,32.95,12.71,31.78
IL,state,3 Environment and Animals,2009,12.82,8.97,30.26,9.74,38.21
IL,state,4a Hospitals,2009,22.22,7.22,15.0,20.56,35.0
IL,state,4b Other Health,2009,14.66,12.68,27.48,12.82,32.37
IL,state,5 Human Services,2009,17.34,12.6,23.57,13.85,32.63
IL,state,6 International and Foreign Affairs,2009,8.59,7.07,27.78,7.07,49.49
IL,state,7 Religion Related,2009,10.87,10.57,32.92,12.4,33.23
IL,state,8 Other,2009,10.3,9.96,34.44,9.13,36.17
IN,state,1 Arts,2009,7.75,12.02,34.3,12.21,33.72
IN,state,2a Higher Education,2009,25.64,5.13,17.95,17.95,33.33
IN,state,2b Other Education,2009,10.71,12.53,29.84,11.28,35.65
IN,state,3 Environment and Animals,2009,7.5,8.33,35.0,10.0,39.17
IN,state,4a Hospitals,2009,19.51,7.32,15.85,15.85,41.46
IN,state,4b Other Health,2009,12.39,11.49,29.4,13.73,32.99
IN,state,5 Human Services,2009,14.09,13.15,26.05,13.8,32.91
IN,state,6 International and Foreign Affairs,2009,8.74,6.8,28.16,5.83,50.49
IN,state,7 Religion Related,2009,12.74,11.08,29.25,10.38,36.56
IN,state,8 Other,2009,10.01,8.81,34.85,9.48,36.85
KS,state,1 Arts,2009,10.88,11.56,31.97,8.84,36.73
KS,state,2a Higher Education,2009,11.54,19.23,15.38,19.23,34.62
KS,state,2b Other Education,2009,9.37,11.76,32.9,13.51,32.46
KS,state,3 Environment and Animals,2009,13.21,7.55,33.96,6.6,38.68
KS,state,4a Hospitals,2009,25.4,14.29,12.7,17.46,30.16
KS,state,4b Other Health,2009,17.55,11.3,23.8,13.94,33.41
KS,state,5 Human Services,2009,17.17,13.39,23.57,18.14,27.74
KS,state,6 International and Foreign Affairs,2009,16.67,16.67,33.33,6.67,26.67
KS,state,7 Religion Related,2009,11.95,11.95,31.45,7.55,37.11
KS,state,8 Other,2009,10.0,8.97,32.56,10.77,37.69
KY,state,1 Arts,2009,10.17,12.2,41.02,9.15,27.46
KY,state,2a Higher Education,2009,3.7,18.52,14.81,7.41,55.56
KY,state,2b Other Education,2009,12.22,12.04,33.7,10.56,31.48
KY,state,3 Environment and Animals,2009,9.66,11.72,35.86,6.9,35.86
KY,state,4a Hospitals,2009,18.68,7.69,8.79,41.76,23.08
KY,state,4b Other Health,2009,18.41,10.2,21.89,14.18,35.32
KY,state,5 Human Services,2009,17.24,10.76,25.45,13.89,32.65
KY,state,6 International and Foreign Affairs,2009,13.33,10.0,40.0,0.0,36.67
KY,state,7 Religion Related,2009,9.0,15.17,30.81,10.43,34.6
KY,state,8 Other,2009,8.79,12.14,33.07,9.82,36.18
LA,state,1 Arts,2009,8.89,7.94,33.97,9.21,40.0
LA,state,2a Higher Education,2009,7.69,15.38,7.69,23.08,46.15
LA,state,2b Other Education,2009,12.9,10.86,31.67,9.95,34.62
LA,state,3 Environment and Animals,2009,7.38,8.2,33.61,2.46,48.36
LA,state,4a Hospitals,2009,27.08,4.17,10.42,25.0,33.33
LA,state,4b Other Health,2009,10.54,10.54,30.81,11.35,36.76
LA,state,5 Human Services,2009,15.65,12.15,29.31,13.11,29.79
LA,state,6 International and Foreign Affairs,2009,3.57,10.71,35.71,7.14,42.86
LA,state,7 Religion Related,2009,8.41,11.06,36.73,9.29,34.51
LA,state,8 Other,2009,8.44,10.55,35.88,8.18,36.94
MA,state,1 Arts,2009,11.35,9.91,31.33,12.47,34.93
MA,state,2a Higher Education,2009,18.31,9.86,19.72,18.31,33.8
MA,state,2b Other Education,2009,13.02,12.02,31.53,12.24,31.19
MA,state,3 Environment and Animals,2009,8.29,8.77,35.07,8.53,39.34
MA,state,4a Hospitals,2009,21.84,13.79,14.94,31.03,18.39
MA,state,4b Other Health,2009,16.14,11.16,23.55,15.95,33.21
MA,state,5 Human Services,2009,17.79,12.99,23.04,15.04,31.13
MA,state,6 International and Foreign Affairs,2009,9.4,9.83,32.05,5.56,43.16
MA,state,7 Religion Related,2009,8.06,10.43,33.18,6.16,42.18
MA,state,8 Other,2009,11.81,10.11,29.33,8.81,39.94
MD,state,1 Arts,2009,13.76,13.09,31.88,9.56,31.71
MD,state,2a Higher Education,2009,12.12,6.06,27.27,18.18,36.36
MD,state,2b Other Education,2009,12.27,14.0,30.82,9.73,33.18
MD,state,3 Environment and Animals,2009,11.58,9.82,29.47,10.18,38.95
MD,state,4a Hospitals,2009,27.63,13.16,7.89,26.32,25.0
MD,state,4b Other Health,2009,14.88,11.27,27.17,14.09,32.58
MD,state,5 Human Services,2009,14.19,11.93,25.88,15.04,32.96
MD,state,6 International and Foreign Affairs,2009,6.96,6.33,36.08,5.7,44.94
MD,state,7 Religion Related,2009,14.86,10.47,28.38,11.15,35.14
MD,state,8 Other,2009,9.78,8.32,33.42,11.23,37.25
ME,state,1 Arts,2009,8.71,8.71,35.98,9.09,37.5
ME,state,2a Higher Education,2009,5.0,10.0,30.0,20.0,35.0
ME,state,2b Other Education,2009,11.78,10.88,32.33,13.29,31.72
ME,state,3 Environment and Animals,2009,6.5,5.0,32.5,7.5,48.5
ME,state,4a Hospitals,2009,30.43,10.87,21.74,19.57,17.39
ME,state,4b Other Health,2009,14.24,12.25,26.16,14.57,32.78
ME,state,5 Human Services,2009,17.03,13.51,22.03,17.43,30.0
ME,state,6 International and Foreign Affairs,2009,13.79,10.34,34.48,6.9,34.48
ME,state,7 Religion Related,2009,18.0,2.0,30.0,14.0,36.0
ME,state,8 Other,2009,8.63,12.69,29.95,11.68,37.06
MI,state,1 Arts,2009,9.7,12.22,32.1,10.18,35.81
MI,state,2a Higher Education,2009,9.09,12.12,24.24,9.09,45.45
MI,state,2b Other Education,2009,11.75,12.07,32.5,10.94,32.74
MI,state,3 Environment and Animals,2009,7.74,9.74,30.37,9.46,42.69
MI,state,4a Hospitals,2009,26.75,10.19,12.1,19.11,31.85
MI,state,4b Other Health,2009,17.22,10.88,28.8,12.39,30.72
MI,state,5 Human Services,2009,16.49,12.53,25.34,13.4,32.23
MI,state,6 International and Foreign Affairs,2009,9.02,5.74,32.79,6.56,45.9
MI,state,7 Religion Related,2009,11.97,12.61,28.42,12.82,34.19
MI,state,8 Other,2009,8.46,9.39,32.46,7.52,42.17
MN,state,1 Arts,2009,11.94,9.5,24.42,10.85,43.28
MN,state,2a Higher Education,2009,16.67,19.44,16.67,22.22,25.0
MN,state,2b Other Education,2009,13.3,11.7,30.47,12.36,32.17
MN,state,3 Environment and Animals,2009,9.34,12.84,29.96,5.84,42.02
MN,state,4a Hospitals,2009,31.37,7.84,14.71,14.71,31.37
MN,state,4b Other Health,2009,19.25,11.84,24.5,13.59,30.82
MN,state,5 Human Services,2009,19.12,12.52,23.43,16.52,28.41
MN,state,6 International and Foreign Affairs,2009,4.35,5.8,31.88,9.42,48.55
MN,state,7 Religion Related,2009,10.25,10.53,31.58,11.91,35.73
MN,state,8 Other,2009,9.46,11.76,30.82,9.72,38.24
MO,state,1 Arts,2009,10.98,12.18,34.33,8.38,34.13
MO,state,2a Higher Education,2009,22.73,11.36,13.64,11.36,40.91
MO,state,2b Other Education,2009,12.15,11.16,33.15,10.39,33.15
MO,state,3 Environment and Animals,2009,9.04,12.77,29.79,6.38,42.02
MO,state,4a Hospitals,2009,14.74,4.21,20.0,27.37,33.68
MO,state,4b Other Health,2009,13.0,9.33,27.06,13.46,37.16
MO,state,5 Human Services,2009,16.12,13.81,21.88,13.58,34.61
MO,state,6 International and Foreign Affairs,2009,4.88,13.41,26.83,8.54,46.34
MO,state,7 Religion Related,2009,12.82,11.66,28.9,8.39,38.23
MO,state,8 Other,2009,11.06,8.79,32.77,8.37,39.01
MS,state,1 Arts,2009,12.0,6.0,30.67,7.33,44.0
MS,state,2a Higher Education,2009,5.56,5.56,33.33,16.67,38.89
MS,state,2b Other Education,2009,15.41,11.3,25.0,13.7,34.59
MS,state,3 Environment and Animals,2009,6.56,4.92,29.51,6.56,52.46
MS,state,4a Hospitals,2009,15.38,12.82,15.38,33.33,23.08
MS,state,4b Other Health,2009,15.31,11.48,25.36,12.92,34.93
MS,state,5 Human Services,2009,12.94,9.9,27.0,11.02,39.14
MS,state,6 International and Foreign Affairs,2009,0.0,4.35,39.13,13.04,43.48
MS,state,7 Religion Related,2009,11.68,13.14,27.01,11.68,36.5
MS,state,8 Other,2009,11.86,11.86,33.05,9.75,33.47
MT,state,1 Arts,2009,11.05,9.94,28.73,9.94,40.33
MT,state,2a Higher Education,2009,9.09,9.09,9.09,18.18,54.55
MT,state,2b Other Education,2009,12.26,9.91,33.02,8.49,36.32
MT,state,3 Environment and Animals,2009,9.43,6.92,30.82,3.77,49.06
MT,state,4a Hospitals,2009,27.91,13.95,2.33,32.56,23.26
MT,state,4b Other Health,2009,12.87,7.02,23.39,12.87,43.86
MT,state,5 Human Services,2009,16.64,13.52,20.8,12.78,36.26
MT,state,6 International and Foreign Affairs,2009,19.23,11.54,19.23,7.69,42.31
MT,state,7 Religion Related,2009,15.0,10.0,38.33,1.67,35.0
MT,state,8 Other,2009,8.6,6.33,33.48,12.67,38.91
NC,state,1 Arts,2009,11.47,10.47,34.66,10.72,32.67
NC,state,2a Higher Education,2009,15.38,10.77,29.23,7.69,36.92
NC,state,2b Other Education,2009,11.98,12.82,34.98,10.23,29.98
NC,state,3 Environment and Animals,2009,10.29,10.29,31.4,10.03,37.99
NC,state,4a Hospitals,2009,21.51,11.83,20.43,22.58,23.66
NC,state,4b Other Health,2009,10.67,12.1,27.28,11.9,38.05
NC,state,5 Human Services,2009,16.82,12.73,24.86,13.67,31.92
NC,state,6 International and Foreign Affairs,2009,6.15,7.69,30.77,7.69,47.69
NC,state,7 Religion Related,2009,9.97,12.59,32.87,8.92,35.66
NC,state,8 Other,2009,11.41,10.4,34.8,8.14,35.25
ND,state,1 Arts,2009,12.75,5.88,23.53,19.61,38.24
ND,state,2a Higher Education,2009,0.0,16.67,16.67,16.67,50.0
ND,state,2b Other Education,2009,10.34,7.76,29.31,11.21,41.38
ND,state,3 Environment and Animals,2009,7.69,10.26,15.38,10.26,56.41
ND,state,4a Hospitals,2009,24.39,0.0,2.44,36.59,36.59
ND,state,4b Other Health,2009,9.94,7.45,21.74,21.74,39.13
ND,state,5 Human Services,2009,13.04,13.04,19.69,15.86,38.36
ND,state,6 International and Foreign Affairs,2009,0.0,0.0,33.33,0.0,66.67
ND,state,7 Religion Related,2009,12.12,12.12,9.09,9.09,57.58
ND,state,8 Other,2009,14.29,11.76,37.82,12.61,23.53
NE,state,1 Arts,2009,8.02,6.33,37.97,10.13,37.55
NE,state,2a Higher Education,2009,31.58,21.05,15.79,0.0,31.58
NE,state,2b Other Education,2009,8.86,8.49,34.69,9.59,38.38
NE,state,3 Environment and Animals,2009,8.64,6.17,28.4,14.81,41.98
NE,state,4a Hospitals,2009,25.0,15.91,2.27,34.09,22.73
NE,state,4b Other Health,2009,12.46,11.42,25.61,14.53,35.99
NE,state,5 Human Services,2009,16.92,10.7,24.05,14.38,33.95
NE,state,6 International and Foreign Affairs,2009,0.0,8.7,26.09,4.35,60.87
NE,state,7 Religion Related,2009,9.17,6.42,32.11,9.17,43.12
NE,state,8 Other,2009,9.26,9.57,32.41,8.64,40.12
NH,state,1 Arts,2009,12.28,10.96,33.77,11.84,31.14
NH,state,2a Higher Education,2009,12.5,6.25,18.75,25.0,37.5
NH,state,2b Other Education,2009,10.3,13.64,31.21,10.91,33.94
NH,state,3 Environment and Animals,2009,9.01,9.91,30.63,11.71,38.74
NH,state,4a Hospitals,2009,10.26,5.13,25.64,35.9,23.08
NH,state,4b Other Health,2009,14.55,8.45,21.13,15.96,39.91
NH,state,5 Human Services,2009,15.58,10.73,25.92,15.45,32.33
NH,state,6 International and Foreign Affairs,2009,12.5,12.5,18.75,12.5,43.75
NH,state,7 Religion Related,2009,9.52,16.67,38.1,9.52,26.19
NH,state,8 Other,2009,7.91,7.91,39.55,5.65,38.98
NJ,state,1 Arts,2009,12.5,11.98,33.98,11.98,29.56
NJ,state,2a Higher Education,2009,14.29,9.52,23.81,19.05,33.33
NJ,state,2b Other Education,2009,12.34,13.15,32.0,12.54,29.96
NJ,state,3 Environment and Animals,2009,10.85,9.83,32.2,7.12,40.0
NJ,state,4a Hospitals,2009,32.18,9.2,16.09,26.44,16.09
NJ,state,4b Other Health,2009,15.07,10.31,28.16,15.52,30.94
NJ,state,5 Human Services,2009,16.12,12.59,25.97,14.24,31.09
NJ,state,6 International and Foreign Affairs,2009,6.02,6.02,30.08,8.27,49.62
NJ,state,7 Religion Related,2009,13.04,9.97,30.43,8.7,37.85
NJ,state,8 Other,2009,10.54,9.41,34.69,10.77,34.58
NM,state,1 Arts,2009,8.61,9.36,31.46,11.24,39.33
NM,state,2a Higher Education,2009,21.43,7.14,7.14,7.14,57.14
NM,state,2b Other Education,2009,10.09,11.93,37.0,7.65,33.33
NM,state,3 Environment and Animals,2009,11.27,5.63,38.03,7.04,38.03
NM,state,4a Hospitals,2009,27.27,18.18,9.09,9.09,36.36
NM,state,4b Other Health,2009,12.5,13.31,26.61,14.52,33.06
NM,state,5 Human Services,2009,15.65,13.19,26.09,13.48,31.59
NM,state,6 International and Foreign Affairs,2009,3.57,17.86,28.57,10.71,39.29
NM,state,7 Religion Related,2009,9.2,10.34,35.63,11.49,33.33
NM,state,8 Other,2009,10.68,9.83,34.19,8.12,37.18
NV,state,1 Arts,2009,11.11,7.14,41.27,7.14,33.33
NV,state,2a Higher Education,2009,0.0,33.33,33.33,16.67,16.67
NV,state,2b Other Education,2009,7.02,7.6,37.43,14.04,33.92
NV,state,3 Environment and Animals,2009,14.86,4.05,44.59,6.76,29.73
NV,state,4a Hospitals,2009,26.67,13.33,20.0,6.67,33.33
NV,state,4b Other Health,2009,12.33,17.12,30.82,6.85,32.88
NV,state,5 Human Services,2009,12.63,10.14,34.78,10.56,31.88
NV,state,6 International and Foreign Affairs,2009,9.09,0.0,9.09,27.27,54.55
NV,state,7 Religion Related,2009,5.97,10.45,32.84,2.99,47.76
NV,state,8 Other,2009,6.8,10.2,36.73,8.16,38.1
NY,state,1 Arts,2009,8.96,10.44,36.27,9.42,34.91
NY,state,2a Higher Education,2009,14.48,11.03,22.07,14.48,37.93
NY,state,2b Other Education,2009,13.66,12.38,27.69,13.08,33.19
NY,state,3 Environment and Animals,2009,8.5,10.23,32.85,9.22,39.19
NY,state,4a Hospitals,2009,21.05,6.48,14.17,34.82,23.48
NY,state,4b Other Health,2009,15.25,12.27,24.58,14.69,33.2
NY,state,5 Human Services,2009,17.71,12.69,22.66,15.65,31.29
NY,state,6 International and Foreign Affairs,2009,4.83,7.7,38.38,5.74,43.34
NY,state,7 Religion Related,2009,11.84,8.98,32.28,10.51,36.39
NY,state,8 Other,2009,11.56,10.3,32.32,9.36,36.47
OH,state,1 Arts,2009,9.37,11.15,36.64,10.03,32.8
OH,state,2a Higher Education,2009,20.83,9.72,15.28,20.83,33.33
OH,state,2b Other Education,2009,11.64,13.09,32.07,11.29,31.92
OH,state,3 Environment and Animals,2009,8.71,11.19,30.1,9.2,40.8
OH,state,4a Hospitals,2009,20.71,9.47,18.34,27.22,24.26
OH,state,4b Other Health,2009,13.74,13.96,30.3,13.09,28.92
OH,state,5 Human Services,2009,18.57,12.08,24.27,13.88,31.2
OH,state,6 International and Foreign Affairs,2009,9.85,13.64,28.79,3.03,44.7
OH,state,7 Religion Related,2009,12.85,10.94,28.82,12.15,35.24
OH,state,8 Other,2009,11.16,9.56,34.76,7.89,36.63
OK,state,1 Arts,2009,11.84,12.17,30.92,10.53,34.54
OK,state,2a Higher Education,2009,17.65,0.0,41.18,11.76,29.41
OK,state,2b Other Education,2009,10.77,12.8,32.93,9.15,34.35
OK,state,3 Environment and Animals,2009,7.55,9.43,23.58,6.6,52.83
OK,state,4a Hospitals,2009,14.0,16.0,16.0,20.0,34.0
OK,state,4b Other Health,2009,15.12,12.21,28.78,11.92,31.98
OK,state,5 Human Services,2009,15.93,12.75,23.99,13.96,33.36
OK,state,6 International and Foreign Affairs,2009,1.96,15.69,35.29,3.92,43.14
OK,state,7 Religion Related,2009,12.16,12.97,30.0,10.27,34.59
OK,state,8 Other,2009,8.42,12.13,31.19,9.16,39.11
OR,state,1 Arts,2009,9.53,11.78,30.09,10.84,37.76
OR,state,2a Higher Education,2009,3.33,10.0,13.33,13.33,60.0
OR,state,2b Other Education,2009,12.26,10.22,31.37,9.86,36.3
OR,state,3 Environment and Animals,2009,9.94,10.22,36.46,5.52,37.85
OR,state,4a Hospitals,2009,7.32,9.76,12.2,24.39,46.34
OR,state,4b Other Health,2009,12.13,10.21,28.09,12.55,37.02
OR,state,5 Human Services,2009,13.5,12.07,24.49,13.9,36.05
OR,state,6 International and Foreign Affairs,2009,4.17,9.38,34.38,3.13,48.96
OR,state,7 Religion Related,2009,14.81,10.37,29.63,11.48,33.7
OR,state,8 Other,2009,7.23,9.77,36.33,9.38,37.3
PA,state,1 Arts,2009,8.86,10.46,34.13,9.66,36.89
PA,state,2a Higher Education,2009,12.38,11.43,20.95,12.38,42.86
PA,state,2b Other Education,2009,12.19,12.96,32.39,11.8,30.66
PA,state,3 Environment and Animals,2009,6.19,8.32,36.17,8.32,41.01
PA,state,4a Hospitals,2009,19.83,12.4,20.66,20.66,26.45
PA,state,4b Other Health,2009,15.72,11.97,24.26,15.51,32.54
PA,state,5 Human Services,2009,15.2,12.13,25.44,13.67,33.57
PA,state,6 International and Foreign Affairs,2009,9.14,9.71,32.57,8.57,40.0
PA,state,7 Religion Related,2009,13.18,11.03,26.93,13.04,35.82
PA,state,8 Other,2009,10.2,9.74,35.5,8.41,36.16
RI,state,1 Arts,2009,7.19,13.77,32.93,11.98,34.13
RI,state,2a Higher Education,2009,11.11,11.11,44.44,11.11,22.22
RI,state,2b Other Education,2009,17.6,9.44,30.47,12.88,29.61
RI,state,3 Environment and Animals,2009,10.61,4.55,39.39,4.55,40.91
RI,state,4a Hospitals,2009,35.71,14.29,14.29,28.57,7.14
RI,state,4b Other Health,2009,16.58,12.3,26.2,16.04,28.88
RI,state,5 Human Services,2009,14.96,11.22,20.67,18.5,34.65
RI,state,6 International and Foreign Affairs,2009,0.0,5.88,29.41,23.53,41.18
RI,state,7 Religion Related,2009,7.14,9.52,33.33,16.67,33.33
RI,state,8 Other,2009,11.76,12.42,30.72,5.88,39.22
SC,state,1 Arts,2009,9.12,14.86,34.46,10.81,30.74
SC,state,2a Higher Education,2009,9.38,9.38,21.88,18.75,40.63
SC,state,2b Other Education,2009,13.14,14.01,34.16,10.51,28.18
SC,state,3 Environment and Animals,2009,10.0,10.0,35.0,10.0,35.0
SC,state,4a Hospitals,2009,22.86,17.14,8.57,17.14,34.29
SC,state,4b Other Health,2009,14.47,9.04,31.01,12.4,33.07
SC,state,5 Human Services,2009,13.85,12.01,25.68,14.2,34.27
SC,state,6 International and Foreign Affairs,2009,4.44,15.56,31.11,2.22,46.67
SC,state,7 Religion Related,2009,11.52,12.76,36.63,7.0,32.1
SC,state,8 Other,2009,11.42,8.12,36.29,8.88,35.28
SD,state,1 Arts,2009,15.0,14.0,22.0,9.0,40.0
SD,state,2a Higher Education,2009,0.0,7.14,21.43,14.29,57.14
SD,state,2b Other Education,2009,9.66,8.28,31.72,16.55,33.79
SD,state,3 Environment and Animals,2009,12.2,7.32,34.15,9.76,36.59
SD,state,4a Hospitals,2009,8.33,2.78,11.11,38.89,38.89
SD,state,4b Other Health,2009,18.98,12.41,18.98,20.44,29.2
SD,state,5 Human Services,2009,16.3,11.96,25.87,13.91,31.96
SD,state,6 International and Foreign Affairs,2009,0.0,12.5,25.0,25.0,37.5
SD,state,7 Religion Related,2009,12.96,5.56,31.48,11.11,38.89
SD,state,8 Other,2009,11.28,11.28,29.32,9.77,38.35
TN,state,1 Arts,2009,12.58,10.56,28.99,11.46,36.4
TN,state,2a Higher Education,2009,15.79,10.53,14.04,19.3,40.35
TN,state,2b Other Education,2009,13.14,11.21,30.15,12.11,33.38
TN,state,3 Environment and Animals,2009,10.95,8.1,27.62,6.67,46.67
TN,state,4a Hospitals,2009,23.61,9.72,15.28,20.83,30.56
TN,state,4b Other Health,2009,14.94,10.51,26.11,14.29,34.15
TN,state,5 Human Services,2009,15.95,12.15,23.29,13.33,35.28
TN,state,6 International and Foreign Affairs,2009,4.76,4.76,27.38,8.33,54.76
TN,state,7 Religion Related,2009,12.31,13.07,29.17,12.31,33.14
TN,state,8 Other,2009,11.15,9.58,32.23,10.63,36.41
TX,state,1 Arts,2009,10.54,11.23,33.85,9.62,34.77
TX,state,2a Higher Education,2009,16.47,8.24,25.88,20.0,29.41
TX,state,2b Other Education,2009,10.87,11.12,31.71,10.31,35.98
TX,state,3 Environment and Animals,2009,9.76,9.01,29.88,8.56,42.79
TX,state,4a Hospitals,2009,7.69,7.69,21.79,25.64,37.18
TX,state,4b Other Health,2009,12.77,8.93,28.7,11.41,38.19
TX,state,5 Human Services,2009,12.14,10.56,27.04,11.76,38.5
TX,state,6 International and Foreign Affairs,2009,11.28,6.53,32.34,7.72,42.14
TX,state,7 Religion Related,2009,10.32,10.98,33.83,9.48,35.39
TX,state,8 Other,2009,11.31,11.16,29.65,9.3,38.58
UT,state,1 Arts,2009,15.56,10.0,33.89,10.0,30.56
UT,state,2a Higher Education,2009,25.0,0.0,25.0,0.0,50.0
UT,state,2b Other Education,2009,14.73,15.67,26.65,11.91,31.03
UT,state,3 Environment and Animals,2009,11.34,7.22,37.11,11.34,32.99
UT,state,4a Hospitals,2009,12.5,12.5,12.5,25.0,37.5
UT,state,4b Other Health,2009,13.99,11.4,25.91,17.62,31.09
UT,state,5 Human Services,2009,17.08,10.63,26.57,11.39,34.35
UT,state,6 International and Foreign Affairs,2009,2.17,15.22,19.57,6.52,56.52
UT,state,7 Religion Related,2009,10.42,12.5,33.33,12.5,31.25
UT,state,8 Other,2009,13.79,9.2,33.33,6.9,36.78
VA,state,1 Arts,2009,9.11,10.84,37.25,9.8,32.99
VA,state,2a Higher Education,2009,4.84,19.35,27.42,19.35,29.03
VA,state,2b Other Education,2009,11.77,12.24,33.14,10.36,32.49
VA,state,3 Environment and Animals,2009,9.26,10.05,35.45,7.14,38.1
VA,state,4a Hospitals,2009,14.63,9.76,18.29,21.95,35.37
VA,state,4b Other Health,2009,11.2,11.41,30.68,12.46,34.24
VA,state,5 Human Services,2009,16.04,10.68,26.87,13.56,32.85
VA,state,6 International and Foreign Affairs,2009,6.13,7.28,34.87,6.51,45.21
VA,state,7 Religion Related,2009,10.39,12.63,33.81,10.18,32.99
VA,state,8 Other,2009,11.49,10.68,31.51,9.34,36.98
VT,state,1 Arts,2009,11.56,12.06,30.65,14.07,31.66
VT,state,2a Higher Education,2009,6.67,6.67,6.67,46.67,33.33
VT,state,2b Other Education,2009,14.8,13.9,29.6,14.8,26.91
VT,state,3 Environment and Animals,2009,8.26,11.01,26.61,6.42,47.71
VT,state,4a Hospitals,2009,13.04,13.04,30.43,21.74,21.74
VT,state,4b Other Health,2009,21.61,10.05,24.62,11.06,32.66
VT,state,5 Human Services,2009,16.2,11.92,23.09,16.01,32.77
VT,state,6 International and Foreign Affairs,2009,7.69,11.54,30.77,7.69,42.31
VT,state,7 Religion Related,2009,30.0,0.0,30.0,0.0,40.0
VT,state,8 Other,2009,8.86,13.92,28.48,10.76,37.97
WA,state,1 Arts,2009,10.96,12.12,31.7,11.19,34.03
WA,state,2a Higher Education,2009,12.5,6.25,37.5,12.5,31.25
WA,state,2b Other Education,2009,10.25,12.1,30.57,11.91,35.16
WA,state,3 Environment and Animals,2009,7.53,11.17,33.25,7.27,40.78
WA,state,4a Hospitals,2009,8.06,11.29,17.74,17.74,45.16
WA,state,4b Other Health,2009,14.64,14.35,27.07,11.54,32.4
WA,state,5 Human Services,2009,14.73,11.81,25.96,14.27,33.22
WA,state,6 International and Foreign Affairs,2009,4.02,13.79,32.18,9.77,40.23
WA,state,7 Religion Related,2009,11.88,12.62,33.17,10.4,31.93
WA,state,8 Other,2009,11.43,9.3,33.54,8.42,37.31
WI,state,1 Arts,2009,10.2,11.9,32.46,9.58,35.86
WI,state,2a Higher Education,2009,26.47,0.0,17.65,20.59,35.29
WI,state,2b Other Education,2009,11.07,11.38,32.37,11.38,33.82
WI,state,3 Environment and Animals,2009,9.19,9.75,32.87,10.58,37.6
WI,state,4a Hospitals,2009,24.41,11.81,7.87,25.98,29.92
WI,state,4b Other Health,2009,13.34,12.36,22.75,15.17,36.38
WI,state,5 Human Services,2009,17.27,12.48,23.65,14.98,31.62
WI,state,6 International and Foreign Affairs,2009,9.72,5.56,25.0,8.33,51.39
WI,state,7 Religion Related,2009,10.86,6.37,34.08,12.36,36.33
WI,state,8 Other,2009,10.98,9.5,32.72,10.87,35.93
WV,state,1 Arts,2009,12.86,10.0,26.43,17.14,33.57
WV,state,2a Higher Education,2009,15.38,7.69,0.0,30.77,46.15
WV,state,2b Other Education,2009,9.55,11.24,34.83,6.74,37.64
WV,state,3 Environment and Animals,2009,18.18,15.58,23.38,5.19,37.66
WV,state,4a Hospitals,2009,23.91,17.39,6.52,32.61,19.57
WV,state,4b Other Health,2009,12.0,6.8,24.0,15.2,42.0
WV,state,5 Human Services,2009,14.18,11.47,24.66,14.18,35.51
WV,state,6 International and Foreign Affairs,2009,11.11,22.22,0.0,0.0,66.67
WV,state,7 Religion Related,2009,8.33,5.56,43.06,13.89,29.17
WV,state,8 Other,2009,10.09,9.63,28.44,7.8,44.04
WY,state,1 Arts,2009,12.9,12.9,34.41,8.6,31.18
WY,state,2a Higher Education,2009,40.0,20.0,0.0,0.0,40.0
WY,state,2b Other Education,2009,14.02,9.35,27.1,13.08,36.45
WY,state,3 Environment and Animals,2009,3.13,9.38,32.81,10.94,43.75
WY,state,4a Hospitals,2009,25.0,25.0,25.0,0.0,25.0
WY,state,4b Other Health,2009,17.59,10.19,31.48,10.19,30.56
WY,state,5 Human Services,2009,10.16,12.09,27.2,12.91,37.64
WY,state,6 International and Foreign Affairs,2009,0.0,33.33,0.0,0.0,66.67
WY,state,7 Religion Related,2009,9.09,9.09,33.33,15.15,33.33
WY,state,8 Other,2009,5.32,9.57,34.04,6.38,44.68
All USA,state,All USA,2009,12.929174420799958,11.267092806861397,29.16632953043666,11.984855840548049,34.65254740135394
"Atlanta-Sandy Springs-Roswell, GA",cbsa,1 Arts,2009,8.77,12.28,33.04,8.48,37.43
"Atlanta-Sandy Springs-Roswell, GA",cbsa,2a Higher Education,2009,15.79,15.79,21.05,5.26,42.11
"Atlanta-Sandy Springs-Roswell, GA",cbsa,2b Other Education,2009,10.5,10.18,35.12,10.72,33.48
"Atlanta-Sandy Springs-Roswell, GA",cbsa,3 Environment and Animals,2009,7.3,8.76,29.2,11.68,43.07
"Atlanta-Sandy Springs-Roswell, GA",cbsa,4a Hospitals,2009,25.0,7.5,10.0,12.5,45.0
"Atlanta-Sandy Springs-Roswell, GA",cbsa,4b Other Health,2009,11.53,12.28,29.82,9.27,37.09
"Atlanta-Sandy Springs-Roswell, GA",cbsa,5 Human Services,2009,14.8,9.81,26.09,11.99,37.31
"Atlanta-Sandy Springs-Roswell, GA",cbsa,6 International and Foreign Affairs,2009,7.77,7.77,30.1,5.83,48.54
"Atlanta-Sandy Springs-Roswell, GA",cbsa,7 Religion Related,2009,11.55,9.69,34.64,9.28,34.85
"Atlanta-Sandy Springs-Roswell, GA",cbsa,8 Other,2009,10.44,13.36,32.15,8.98,35.07
"Austin-Round Rock, TX",cbsa,1 Arts,2009,11.9,8.57,35.24,10.0,34.29
"Austin-Round Rock, TX",cbsa,2a Higher Education,2009,18.18,9.09,27.27,9.09,36.36
"Austin-Round Rock, TX",cbsa,2b Other Education,2009,10.97,11.22,28.93,9.48,39.4
"Austin-Round Rock, TX",cbsa,3 Environment and Animals,2009,10.0,12.22,26.67,10.0,41.11
